id partida = 3
id jugador = 100 (jj)
id mapa= 3

INSERT INTO Telemetria (id_partida, tiempo, tic, pos_x, pos_y, pos_z, angulo, momento_x,momento_y) values
(3, '2025-11-08 16:12:20', 32333, -146, -1297, 48, 225.88, 0, 0),
(3, '2025-11-08 16:12:32', 32597, 87, 504, 0, 250.31, -2, -4),
(3, '2025-11-08 16:12:33', 32632, 110, 384, 0, 348.75, 5, -1),
(3, '2025-11-08 16:12:34', 32667, 261, 421, 0, 247.50, 1, 2),
(3, '2025-11-08 16:12:35', 32702, 207, 284, 0, 270.00, -1, -8),
(3, '2025-11-08 16:12:36', 32737, 183, 140, 0, 282.66, -1, 4),
(3, '2025-11-08 16:12:37', 32772, 165, 217, 0, 316.41, -1, 1),
(3, '2025-11-08 16:12:38', 32807, 143, 259, 0, 298.12, 2, -5),
(3, '2025-11-08 16:12:39', 32842, 217, 195, 0, 268.59, 5, -2),
(3, '2025-11-08 16:12:40', 32877, 262, 170, 0, 262.97, -4, -2),
(3, '2025-11-08 16:12:41', 32912, 208, -25, 0, 309.38, -1, -3),
(3, '2025-11-08 16:12:42', 32947, 148, -3, 0, 272.81, -1, -4),
(3, '2025-11-08 16:12:43', 32982, 170, -279, 16, 275.62, 1, -9),
(3, '2025-11-08 16:12:44', 33017, 209, -496, 56, 334.69, 0, 0),
(3, '2025-11-08 16:12:45', 33052, 286, -496, 56, 7.03, 6, 0),
(3, '2025-11-08 16:12:46', 33087, 586, -460, 56, 5.62, 11, 1),
(3, '2025-11-08 16:12:47', 33122, 887, -418, 8, 2.81, 3, 1),
(3, '2025-11-08 16:12:48', 33157, 1085, -499, 0, 322.03, 6, -5),
(3, '2025-11-08 16:12:49', 33192, 1384, -691, 32, 305.16, 4, -7),
(3, '2025-11-08 16:12:50', 33227, 1393, -691, 32, 309.38, 0, -9),
(3, '2025-11-08 16:12:51', 33262, 1439, -752, 32, 137.81, 0, 0),
(3, '2025-11-08 16:12:52', 33297, 1455, -752, 32, 95.62, 0, 0),
(3, '2025-11-08 16:12:54', 33367, 1438, -595, 144, 95.62, -1, 6),
(3, '2025-11-08 16:12:55', 33402, 1441, -440, 144, 95.62, 1, 9),
(3, '2025-11-08 16:12:56', 33437, 1314, -337, 144, 157.50, -8, 0),
(3, '2025-11-08 16:12:57', 33472, 1262, -266, 144, 11.25, -1, 0),
(3, '2025-11-08 16:12:58', 33507, 1264, -196, 144, 355.78, 6, -1),
(3, '2025-11-08 16:12:59', 33547, 1363, -217, 144, 191.25, -6, -2),
(3, '2025-11-08 16:13:00', 33582, 1248, -357, 144, 278.44, 1, -8),
(3, '2025-11-08 16:13:01', 33617, 1212, -533, 16, 206.72, -6, -5),
(3, '2025-11-08 16:13:02', 33652, 941, -677, 0, 185.62, -9, -3),
(3, '2025-11-08 16:13:03', 33687, 741, -718, 0, 180.00, 6, 0),
(3, '2025-11-08 16:13:04', 33722, 625, -692, 0, 177.19, -10, 1),
(3, '2025-11-08 16:13:05', 33757, 393, -663, 0, 181.41, -10, 0),
(3, '2025-11-08 16:13:06', 33792, 91, -663, 0, 180.00, -10, -1),
(3, '2025-11-08 16:13:07', 33827, -96, -911, 0, 296.72, 2, -10),
(3, '2025-11-08 16:13:08', 33862, 22, -1083, 0, 277.03, 1, -4),
(3, '2025-11-08 16:13:09', 33897, 62, -1331, 0, 292.50, 1, -9),
(3, '2025-11-08 16:13:10', 33932, 170, -1633, 0, 271.41, 1, -10),
(3, '2025-11-08 16:13:11', 33967, 144, -1964, 16, 205.31, -5, -7),
(3, '2025-11-08 16:13:12', 34002, -38, -2041, 40, 172.97, -1, -1),
(3, '2025-11-08 16:13:13', 34037, 47, -2054, 32, 170.16, -2, 0),
(3, '2025-11-08 16:13:14', 34072, -11, -2048, 40, 168.75, -6, 0),
(3, '2025-11-08 16:13:15', 34107, -134, -2029, 48, 195.47, -2, -1),
(3, '2025-11-08 16:13:16', 34142, -208, -2046, 48, 187.03, -2, -1),
(3, '2025-11-08 16:13:17', 34177, -453, -2061, 69, 191.25, -13, -2),
(3, '2025-11-08 16:13:18', 34212, -670, -2118, 48, 198.28, 0, -1),
(3, '2025-11-08 16:13:19', 34247, -691, -2120, 48, 177.19, -1, 0),
(3, '2025-11-08 16:13:20', 34282, -991, -2152, 48, 194.06, -10, -3),
(3, '2025-11-08 16:13:21', 34317, -1094, -2194, 48, 260.16, -1, 0),
(3, '2025-11-08 16:13:22', 34352, -1111, -2129, 48, 264.38, -1, 0),
(3, '2025-11-08 16:13:23', 34394, -1111, -2146, 48, 268.59, -1, -5),
(3, '2025-11-08 16:13:24', 34429, -1118, -2148, 96, 275.62, 0, -4),
(3, '2025-11-08 16:13:25', 34465, -1136, -2129, 48, 295.31, -1, 0),
(3, '2025-11-08 16:13:27', 34507, -1136, -2132, 48, 275.62, 0, -1),
(3, '2025-11-08 16:13:28', 34542, -1123, -2133, 48, 270.00, 0, -1),
(3, '2025-11-08 16:13:29', 34577, -1122, -2257, 112, 226.41, -2, -7),
(3, '2025-11-08 16:13:30', 34612, -1264, -2487, 112, 219.38, -1, -3),
(3, '2025-11-08 16:13:31', 34647, -1379, -2561, 112, 248.91, -2, -3),
(3, '2025-11-08 16:13:32', 34682, -1394, -2513, 112, 232.34, -1, 0),
(3, '2025-11-08 16:13:41', 34918, -233, -418, -9, 95.62, -1, 13),
(3, '2025-11-08 16:13:42', 34953, -394, -129, 0, 94.22, -2, -4),
(3, '2025-11-08 16:13:43', 34988, -366, -177, 0, 29.53, 7, 4),
(3, '2025-11-08 16:13:44', 35023, -206, -59, 0, 22.50, 9, 5),
(3, '2025-11-08 16:13:45', 35058, -42, 13, 0, 358.59, 2, 0),
(3, '2025-11-08 16:13:46', 35093, 5, 13, 0, 358.59, 0, -1),
(3, '2025-11-08 16:13:47', 35128, -26, -27, 0, 5.62, -1, -1),
(3, '2025-11-08 16:13:48', 35163, 113, 9, 0, 25.31, 8, 3),
(3, '2025-11-08 16:13:49', 35198, 357, 115, 0, 8.44, 3, 0),
(3, '2025-11-08 16:13:50', 35233, 403, 124, 0, 8.44, -3, -1),
(3, '2025-11-08 16:13:51', 35268, 341, 135, 0, 5.62, -2, 3),
(3, '2025-11-08 16:13:52', 35303, 323, 176, 0, 11.25, 3, 7),
(3, '2025-11-08 16:13:53', 35338, 313, 148, 0, 343.12, 2, -7),
(3, '2025-11-08 16:13:54', 35373, 282, 105, 0, 5.62, -1, 2),
(3, '2025-11-08 16:13:55', 35408, 267, 93, 0, 22.50, 0, 1),
(3, '2025-11-08 16:13:56', 35443, 503, 137, 0, 1.41, 11, 2),
(3, '2025-11-08 16:13:57', 35478, 895, 201, 0, 68.91, 11, 6),
(3, '2025-11-08 16:13:58', 35513, 914, 431, 0, 167.34, -3, 0),
(3, '2025-11-08 16:13:59', 35548, 876, 279, 0, 248.91, 0, -9),
(3, '2025-11-08 16:14:00', 35583, 701, 147, 0, 172.97, -9, 0),
(3, '2025-11-08 16:14:01', 35618, 442, 161, 0, 180.00, -8, 0),
(3, '2025-11-08 16:14:02', 35653, 169, 182, 0, 97.03, -4, 2),
(3, '2025-11-08 16:14:03', 35688, 174, 435, 56, 2.81, 2, 5),
(3, '2025-11-08 16:14:04', 35723, 193, 563, 56, 326.25, 4, -2),
(3, '2025-11-08 16:14:05', 35758, 443, 527, 56, 19.69, 5, 0),
(3, '2025-11-08 16:14:06', 35793, 727, 604, 56, 26.72, 8, 3),
(3, '2025-11-08 16:14:07', 35828, 1022, 751, 56, 61.88, 9, 7),
(3, '2025-11-08 16:14:08', 35863, 1070, 919, 56, 188.44, -1, -1),
(3, '2025-11-08 16:14:09', 35898, 1068, 918, 56, 195.47, -1, -1),
(3, '2025-11-08 16:14:10', 35933, 990, 903, 56, 188.44, -8, -2),
(3, '2025-11-08 16:14:11', 35968, 672, 807, 56, 196.88, -1, -1),
(3, '2025-11-08 16:14:12', 36003, 739, 797, 56, 184.22, -4, -1),
(3, '2025-11-08 16:14:13', 36038, 736, 801, 56, 154.69, 1, 0),
(3, '2025-11-08 16:14:14', 36073, 742, 805, 56, 146.25, -3, -2),
(3, '2025-11-08 16:14:15', 36108, 709, 779, 56, 144.84, 0, -1),
(3, '2025-11-08 16:14:16', 36143, 708, 778, 56, 137.81, 0, -1),
(3, '2025-11-08 16:14:17', 36178, 745, 746, 56, 88.59, -1, 1),
(3, '2025-11-08 16:14:18', 36213, 842, 915, 56, 357.19, 6, 2),
(3, '2025-11-08 16:14:19', 36248, 1066, 854, 56, 277.03, 3, -8),
(3, '2025-11-08 16:14:20', 36283, 1123, 563, -24, 271.41, 0, -9),
(3, '2025-11-08 16:14:21', 36318, 1135, 288, -24, 271.41, 0, 0),
(3, '2025-11-08 16:14:22', 36359, 1174, 148, -16, 354.38, 6, -7),
(3, '2025-11-08 16:14:23', 36394, 1327, 80, -16, 254.53, -1, -6),
(3, '2025-11-08 16:14:24', 36429, 1243, 57, -16, 196.88, -9, 0),
(3, '2025-11-08 16:14:25', 36464, 949, -41, -24, 177.19, -9, -2),
(3, '2025-11-08 16:14:26', 36499, 626, -43, -24, 177.19, -10, 0),
(3, '2025-11-08 16:14:27', 36534, 460, -30, -16, 174.38, -4, 0),
(3, '2025-11-08 16:14:28', 36569, 197, -2, 0, 149.06, -7, -1),
(3, '2025-11-08 16:14:29', 36604, -43, 136, 0, 88.59, -3, 7),
(3, '2025-11-08 16:14:30', 36639, -60, 188, 0, 91.41, 0, -13),
(3, '2025-11-08 16:14:31', 36674, -169, 22, 0, 70.31, 1, 10),
(3, '2025-11-08 16:14:32', 36709, -44, 486, 0, 92.81, 1, 14),
(3, '2025-11-08 16:14:33', 36744, 11, 852, -8, 178.59, 6, 2),
(3, '2025-11-08 16:14:34', 36779, -116, 813, -24, 177.19, -12, -2),
(3, '2025-11-08 16:14:35', 36814, -398, 839, 0, 181.41, -11, 0),
(3, '2025-11-08 16:14:36', 36849, -228, 800, 0, 174.38, 12, -1),
(3, '2025-11-08 16:14:37', 36884, -192, 827, -24, 180.00, -13, 1),
(3, '2025-11-08 16:14:38', 36919, -624, 823, 0, 184.22, 0, -1),
(3, '2025-11-08 16:14:39', 36954, -472, 831, 0, 184.22, -4, -1),
(3, '2025-11-08 16:14:40', 36989, -790, 827, -35, 177.19, -10, 0),
(3, '2025-11-08 16:14:41', 37024, -850, 826, -104, 184.22, -12, 0),
(3, '2025-11-08 16:14:42', 37059, -1014, 676, -106, 277.03, 0, -8),
(3, '2025-11-08 16:14:43', 37094, -1020, 701, -104, 272.81, -1, 6),
(3, '2025-11-08 16:14:44', 37129, -1036, 723, -104, 272.81, -1, -2),
(3, '2025-11-08 16:14:45', 37164, -1061, 426, -152, 198.28, -5, -2),
(3, '2025-11-08 16:14:46', 37199, -1413, 413, -176, 127.97, -11, 1),
(3, '2025-11-08 16:14:47', 37234, -1492, 443, -184, 347.34, 11, 1),
(3, '2025-11-08 16:14:48', 37269, -1414, 449, -176, 330.47, -3, -5),
(3, '2025-11-08 16:14:49', 37304, -1616, 503, -184, 350.16, 2, -9),
(3, '2025-11-08 16:14:50', 37339, -1462, 400, -184, 8.44, -2, -1),
(3, '2025-11-08 16:14:51', 37374, -1505, 464, -184, 352.97, -1, 0),
(3, '2025-11-08 16:14:52', 37409, -1591, 427, -184, 8.44, 7, 1),
(3, '2025-11-08 16:14:53', 37444, -1621, 427, -184, 5.62, 3, 0),
(3, '2025-11-08 16:14:54', 37479, -1492, 445, -184, 355.78, -1, 0),
(3, '2025-11-08 16:14:55', 37514, -1279, 363, -176, 268.59, 1, -6),
(3, '2025-11-08 16:14:56', 37549, -1290, 264, -176, 94.22, -1, 9),
(3, '2025-11-08 16:14:57', 37584, -1534, 478, -184, 199.69, -11, -2),
(3, '2025-11-08 16:14:58', 37619, -1665, 568, -184, 81.56, 0, 8),
(3, '2025-11-08 16:14:59', 37654, -1662, 751, -184, 90.00, 0, 8),
(3, '2025-11-08 16:15:00', 37689, -1641, 1067, -184, 74.53, 1, 12),
(3, '2025-11-08 16:15:01', 37724, -1641, 1108, -184, 81.56, 0, 5),
(3, '2025-11-08 16:15:02', 37759, -1644, 1086, -184, 82.97, -1, 11),
(3, '2025-11-08 16:15:03', 37794, -1652, 1084, -184, 66.09, 2, 9),
(3, '2025-11-08 16:15:04', 37829, -1569, 1210, -184, 11.25, 1, 2),
(3, '2025-11-08 16:15:05', 37864, -1574, 1248, -184, 340.31, -5, 1),
(3, '2025-11-08 16:15:06', 37899, -1532, 1248, -184, 351.56, -3, 0),
(3, '2025-11-08 16:15:07', 37934, -1551, 1224, -184, 7.03, 5, 3),
(3, '2025-11-08 16:15:08', 37969, -1382, 1238, -176, 26.72, 7, -1),
(3, '2025-11-08 16:15:09', 38004, -1276, 1399, -176, 338.91, 0, 7),
(3, '2025-11-08 16:15:10', 38039, -1260, 1296, -176, 257.34, -1, -10),
(3, '2025-11-08 16:15:11', 38074, -1379, 1235, -176, 180.00, -11, 1),
(3, '2025-11-08 16:15:12', 38109, -1672, 1099, -184, 281.25, -5, -13),
(3, '2025-11-08 16:15:13', 38144, -1655, 836, -184, 14.06, -1, -4),
(3, '2025-11-08 16:15:14', 38179, -1678, 816, -184, 53.44, -4, 2),
(3, '2025-11-08 16:15:15', 38214, -1643, 933, -184, 42.19, 2, 3),
(3, '2025-11-08 16:15:16', 38249, -1709, 855, -184, 25.31, -2, -11),
(3, '2025-11-08 16:15:17', 38284, -1776, 717, -184, 23.91, -1, 10),
(3, '2025-11-08 16:15:18', 38319, -1745, 842, -184, 354.38, 10, -1),
(3, '2025-11-08 16:15:19', 38354, -1346, 824, -208, 25.31, 11, 2),
(3, '2025-11-08 16:15:20', 38390, -1105, 833, -192, 150.47, 0, -1),
(3, '2025-11-08 16:15:21', 38425, -1115, 864, -192, 161.72, 0, 1),
(3, '2025-11-08 16:15:22', 38467, -1138, 886, -192, 156.09, -7, 2),
(3, '2025-11-08 16:15:23', 38502, -1421, 1003, -200, 261.56, -4, 1),
(3, '2025-11-08 16:15:24', 38537, -1442, 966, -171, 296.72, 2, -4),
(3, '2025-11-08 16:15:25', 38572, -1433, 925, -136, 220.78, -5, -5),
(3, '2025-11-08 16:15:26', 38607, -1681, 818, -184, 113.91, -6, 4),
(3, '2025-11-08 16:15:27', 38642, -1689, 1104, -184, 33.75, 5, 8),
(3, '2025-11-08 16:15:28', 38677, -1385, 1209, -176, 354.38, 10, -1),
(3, '2025-11-08 16:15:29', 38712, -1060, 1136, -144, 272.81, 4, -6),
(3, '2025-11-08 16:15:30', 38747, -952, 810, -104, 355.78, 5, -8),
(3, '2025-11-08 16:15:31', 38782, -815, 839, -104, 352.97, 3, 1),
(3, '2025-11-08 16:15:32', 38817, -780, 833, -104, 0.00, 0, -1),
(3, '2025-11-08 16:15:34', 38906, -703, 831, 0, 0.00, 6, 0),
(3, '2025-11-08 16:15:35', 38941, -653, 831, 0, 0.00, 4, 0),
(3, '2025-11-08 16:15:36', 38976, -387, 811, 0, 1.41, 8, -1),
(3, '2025-11-08 16:15:37', 39011, -85, 813, -24, 1.41, 8, 0),
(3, '2025-11-08 16:15:39', 39046, -12, 825, -8, 1.41, 0, 0),
(3, '2025-11-08 16:15:41', 39116, 46, 836, -8, 355.78, 2, -1),
(3, '2025-11-08 16:15:42', 39151, 250, 826, 32, 358.59, 8, -1),
(3, '2025-11-08 16:15:43', 39186, 545, 966, 56, 81.56, 3, 7),
(3, '2025-11-08 16:15:44', 39221, 447, 1111, 56, 12.66, -5, 0),
(3, '2025-11-08 16:15:45', 39256, 373, 1217, 56, 8.44, 0, -8),
(3, '2025-11-08 16:15:46', 39291, 430, 976, 56, 61.88, 0, 0),
(3, '2025-11-08 16:15:47', 39326, 470, 975, 56, 80.16, 0, 0),
(3, '2025-11-08 16:15:48', 39361, 542, 966, 56, 97.03, 1, 0),
(3, '2025-11-08 16:15:49', 39396, 606, 1128, 56, 2.81, 6, 2),
(3, '2025-11-08 16:15:50', 39431, 678, 1157, 56, 0.00, -4, 0),
(3, '2025-11-08 16:15:51', 39466, 510, 1149, 56, 0.00, -7, -1),
(3, '2025-11-08 16:15:52', 39501, 381, 1245, 56, 338.91, 1, 0),
(3, '2025-11-08 16:15:53', 39536, 423, 1145, 56, 354.38, 9, -5),
(3, '2025-11-08 16:15:54', 39571, 652, 1060, 56, 78.75, 0, -2),
(3, '2025-11-08 16:15:55', 39606, 491, 1078, 56, 47.81, -4, 6),
(3, '2025-11-08 16:15:56', 39641, 417, 1213, 56, 352.97, 1, 3),
(3, '2025-11-08 16:15:57', 39676, 426, 1197, 56, 354.38, 2, -11),
(3, '2025-11-08 16:15:58', 39711, 771, 1078, 72, 25.31, 9, 1),
(3, '2025-11-08 16:15:59', 39746, 1009, 1126, 88, 271.41, 1, 6),
(3, '2025-11-08 16:16:00', 39781, 1201, 1304, 88, 236.25, 5, 7),
(3, '2025-11-08 16:16:01', 39816, 1327, 1285, 88, 205.31, 3, 1),
(3, '2025-11-08 16:16:02', 39851, 1330, 1291, 88, 201.09, -7, -3),
(3, '2025-11-08 16:16:03', 39886, 1332, 1287, 88, 210.84, 0, 0),
(3, '2025-11-08 16:16:12', 40140, -1473, -3339, 64, 66.09, -1, -1),
(3, '2025-11-08 16:16:13', 40175, -1462, -3227, 64, 118.12, 0, -6),
(3, '2025-11-08 16:16:14', 40210, -1538, -3166, 64, 167.34, -8, 5),
(3, '2025-11-08 16:16:15', 40245, -1804, -3044, 64, 106.88, -6, 3),
(3, '2025-11-08 16:16:16', 40280, -1878, -3026, 64, 61.88, 1, 3),
(3, '2025-11-08 16:16:17', 40315, -1844, -2781, 64, 91.41, -1, 3),
(3, '2025-11-08 16:16:18', 40350, -1828, -2653, 64, 91.41, 0, -2),
(3, '2025-11-08 16:16:19', 40385, -1891, -2564, 64, 246.09, -4, -6),
(3, '2025-11-08 16:16:20', 40420, -1846, -2717, 64, 104.06, 2, 7),
(3, '2025-11-08 16:16:21', 40455, -1825, -2605, 64, 136.41, 1, -2),
(3, '2025-11-08 16:16:22', 40490, -1838, -2599, 64, 130.78, -1, 0),
(3, '2025-11-08 16:16:23', 40525, -2035, -2477, 64, 248.91, -4, -3),
(3, '2025-11-08 16:16:24', 40560, -2158, -2615, 64, 64.69, 0, 3),
(3, '2025-11-08 16:16:25', 40595, -1974, -2380, 64, 30.94, 7, 7),
(3, '2025-11-08 16:16:26', 40630, -1808, -2146, 88, 108.28, -1, 8),
(3, '2025-11-08 16:16:27', 40665, -2053, -1977, 47, 253.12, -10, 0),
(3, '2025-11-08 16:16:28', 40700, -2173, -2031, 32, 334.69, -1, -1),
(3, '2025-11-08 16:16:29', 40735, -2085, -2134, 32, 12.66, 2, -2),
(3, '2025-11-08 16:16:30', 40770, -1933, -2120, 32, 90.00, 7, 3),
(3, '2025-11-08 16:16:31', 40805, -2023, -2132, 32, 165.94, -13, 0),
(3, '2025-11-08 16:16:32', 40840, -2188, -2109, 32, 16.88, -1, 1),
(3, '2025-11-08 16:16:33', 40875, -2067, -2002, 32, 348.75, 10, 0),
(3, '2025-11-08 16:16:34', 40910, -1777, -2061, 96, 261.56, -1, -4),
(3, '2025-11-08 16:16:35', 40945, -1841, -2324, 64, 209.53, -6, -8),
(3, '2025-11-08 16:16:36', 40980, -2060, -2343, 64, 135.00, -7, 4),
(3, '2025-11-08 16:16:37', 41015, -2289, -2129, 96, 135.00, -7, 6),
(3, '2025-11-08 16:16:38', 41050, -2425, -2003, 128, 113.91, -2, 1),
(3, '2025-11-08 16:16:39', 41085, -2436, -1836, 128, 67.50, 1, 6),
(3, '2025-11-08 16:16:40', 41120, -2331, -1600, 128, 120.94, 2, 1),
(3, '2025-11-08 16:16:41', 41155, -2297, -1602, 128, 116.72, -3, 7),
(3, '2025-11-08 16:16:42', 41190, -2441, -1451, 128, 309.38, -2, 0),
(3, '2025-11-08 16:16:43', 41225, -2525, -1359, 128, 210.94, -7, -3),
(3, '2025-11-08 16:16:44', 41260, -2510, -1338, 128, 201.09, 6, 3),
(3, '2025-11-08 16:16:45', 41295, -2550, -1366, 128, 237.66, -10, -8),
(3, '2025-11-08 16:16:46', 41330, -2615, -1576, 128, 257.34, 0, -1),
(3, '2025-11-08 16:16:47', 41365, -2665, -1725, 128, 216.56, -6, -6),
(3, '2025-11-08 16:16:48', 41400, -2889, -1808, 128, 129.38, -5, 5),
(3, '2025-11-08 16:16:49', 41435, -3048, -1904, 128, 319.22, 3, -7),
(3, '2025-11-08 16:16:50', 41470, -2846, -2151, 128, 18.28, 9, -5),
(3, '2025-11-08 16:16:51', 41505, -2718, -2022, 128, 109.69, 0, 1),
(3, '2025-11-08 16:16:52', 41540, -2699, -2012, 128, 355.78, 4, -1),
(3, '2025-11-08 16:16:53', 41575, -2511, -1982, 128, 326.25, 7, -1),
(3, '2025-11-08 16:16:54', 41610, -2218, -2231, 91, 320.62, 10, -11),
(3, '2025-11-08 16:16:55', 41645, -1858, -2357, 64, 78.75, 5, 6),
(3, '2025-11-08 16:16:56', 41680, -1840, -2029, 96, 106.88, -3, 9),
(3, '2025-11-08 16:16:57', 41715, -1879, -1701, 96, 77.34, 1, 10),
(3, '2025-11-08 16:16:58', 41750, -1886, -1675, 96, 87.19, -2, 8),
(3, '2025-11-08 16:16:59', 41785, -1877, -1499, 96, 73.12, 1, 3),
(3, '2025-11-08 16:17:00', 41820, -1808, -1233, 96, 98.44, 0, 6),
(3, '2025-11-08 16:17:01', 41855, -1811, -1093, 96, 87.19, -1, 6),
(3, '2025-11-08 16:17:02', 41890, -1756, -955, 96, 122.34, -1, 3),
(3, '2025-11-08 16:17:03', 41925, -1757, -748, 96, 358.59, 5, 2),
(3, '2025-11-08 16:17:04', 41960, -1511, -737, 94, 320.62, 6, -2),
(3, '2025-11-08 16:17:05', 41995, -1226, -853, 88, 7.03, 10, -2),
(3, '2025-11-08 16:17:06', 42030, -918, -788, -32, 53.44, 6, 4),
(3, '2025-11-08 16:17:07', 42065, -1149, -737, -32, 180.00, -10, -1),
(3, '2025-11-08 16:17:08', 42105, -1275, -757, -18, 352.97, 6, -2),
(3, '2025-11-08 16:17:09', 42140, -1081, -774, -1, 28.12, -1, -1),
(3, '2025-11-08 16:17:10', 42175, -1049, -739, 17, 0.00, -2, 0),
(3, '2025-11-08 16:17:11', 42210, -964, -762, 34, 1.41, 1, -1),
(3, '2025-11-08 16:17:12', 42245, -952, -767, 52, 2.81, 0, 0),
(3, '2025-11-08 16:17:13', 42280, -871, -758, 88, 2.81, 6, 0),
(3, '2025-11-08 16:17:14', 42315, -591, -849, 96, 345.94, 9, -5),
(3, '2025-11-08 16:17:15', 42350, -537, -853, 96, 296.72, 0, -4),
(3, '2025-11-08 16:17:16', 42385, -406, -884, 96, 102.66, 0, 1),
(3, '2025-11-08 16:17:17', 42420, -420, -777, 96, 136.41, -2, 1),
(3, '2025-11-08 16:17:18', 42455, -483, -539, 96, 78.75, 0, 9),
(3, '2025-11-08 16:17:19', 42490, -279, -378, 96, 326.25, 8, -3),
(3, '2025-11-08 16:17:20', 42525, -133, -601, 96, 274.22, 1, -9),
(3, '2025-11-08 16:17:21', 42560, -102, -764, 96, 212.34, -2, -2),
(3, '2025-11-08 16:17:22', 42595, -160, -856, 104, 130.78, -3, 4),
(3, '2025-11-08 16:17:23', 42630, -231, -726, 96, 102.66, -1, 1),
(3, '2025-11-08 16:17:24', 42665, -258, -846, 96, 101.25, -6, -2),
(3, '2025-11-08 16:17:25', 42700, -272, -869, 96, 94.22, -1, 0),
(3, '2025-11-08 16:17:26', 42735, -260, -743, 96, 21.09, 5, 3),
(3, '2025-11-08 16:17:27', 42770, -139, -444, 96, 167.34, -7, 8),
(3, '2025-11-08 16:17:28', 42805, -407, -435, 96, 230.62, -7, -3),
(3, '2025-11-08 16:17:29', 42840, -496, -611, 96, 202.50, -1, -4),
(3, '2025-11-08 16:17:30', 42875, -598, -689, 96, 191.25, -6, -1),
(3, '2025-11-08 16:17:31', 42910, -885, -732, 88, 184.22, -13, -2),
(3, '2025-11-08 16:17:32', 42945, -1305, -765, 88, 182.81, -9, -1),
(3, '2025-11-08 16:17:33', 42980, -1746, -802, 96, 250.31, -11, -5),
(3, '2025-11-08 16:17:34', 43015, -1823, -1055, 96, 279.84, 1, -9),
(3, '2025-11-08 16:17:35', 43050, -1838, -1500, 96, 253.12, -4, -15),
(3, '2025-11-08 16:17:36', 43085, -1835, -1468, 96, 268.59, 0, 2),
(3, '2025-11-08 16:17:37', 43120, -1872, -1703, 96, 275.62, -2, -12),
(3, '2025-11-08 16:17:38', 43155, -1811, -2187, 82, 240.47, 0, -14),
(3, '2025-11-08 16:17:39', 43190, -1915, -2491, 64, 309.38, -1, 0),
(3, '2025-11-08 16:17:40', 43225, -1881, -2542, 64, 255.94, 1, -8),
(3, '2025-11-08 16:17:41', 43260, -1885, -2882, 64, 305.16, 3, -11),
(3, '2025-11-08 16:17:42', 43295, -1764, -3040, 64, 358.59, 7, -2),
(3, '2025-11-08 16:17:43', 43330, -1447, -3061, 64, 357.19, 9, -1),
(3, '2025-11-08 16:17:44', 43365, -1042, -2937, 64, 112.50, 3, 11),
(3, '2025-11-08 16:17:45', 43400, -1144, -2685, 64, 137.81, -3, 5),
(3, '2025-11-08 16:17:46', 43435, -1197, -2607, 64, 130.78, -4, 2),
(3, '2025-11-08 16:17:47', 43470, -1250, -2415, 64, 80.16, -1, -5),
(3, '2025-11-08 16:17:48', 43505, -1232, -2311, 64, 78.75, 1, 9),
(3, '2025-11-08 16:17:49', 43540, -1196, -2135, 64, 50.62, -1, 0),
(3, '2025-11-08 16:17:50', 43575, -1304, -2238, 64, 352.97, 1, -2),
(3, '2025-11-08 16:17:51', 43610, -1046, -2237, 64, 11.25, 8, 1),
(3, '2025-11-08 16:17:52', 43645, -768, -2152, 64, 71.72, 4, 5),
(3, '2025-11-08 16:17:53', 43680, -722, -1961, 64, 90.00, 0, 8),
(3, '2025-11-08 16:17:54', 43715, -712, -1878, 64, 67.50, 2, 4),
(3, '2025-11-08 16:17:55', 43750, -659, -1761, 64, 57.66, -1, 0),
(3, '2025-11-08 16:17:56', 43785, -571, -1653, 64, 14.06, 6, 3),
(3, '2025-11-08 16:17:57', 43820, -286, -1521, 48, 49.22, 7, 6),
(3, '2025-11-08 16:17:58', 43855, -256, -1450, 48, 59.06, 4, 7),
(3, '2025-11-08 16:17:59', 43890, -155, -1353, 48, 299.53, 0, 5),
(3, '2025-11-08 16:18:09', 44154, 95, 526, 0, 250.31, -1, -2),
(3, '2025-11-08 16:18:10', 44189, 76, 384, 0, 345.94, 0, 0),
(3, '2025-11-08 16:18:11', 44224, 233, 387, 0, 271.41, 2, 0),
(3, '2025-11-08 16:18:12', 44259, 237, 382, 0, 255.94, -4, -7),
(3, '2025-11-08 16:18:13', 44294, 190, 127, 0, 260.16, -1, -5),
(3, '2025-11-08 16:18:14', 44329, 171, 198, 0, 285.47, -1, 1),
(3, '2025-11-08 16:18:15', 44364, 148, 243, 0, 312.19, -3, 3),
(3, '2025-11-08 16:18:16', 44399, 177, 198, 0, 268.59, 0, -1),
(3, '2025-11-08 16:18:17', 44434, 263, 177, 0, 257.34, 0, -1),
(3, '2025-11-08 16:18:18', 44469, 203, 63, 0, 274.22, -1, -5),
(3, '2025-11-08 16:18:19', 44504, 158, 1, 0, 282.66, -2, 0),
(3, '2025-11-08 16:18:20', 44539, 154, -128, 0, 277.03, 0, -10),
(3, '2025-11-08 16:18:21', 44574, 192, -451, 56, 295.31, 1, -8),
(3, '2025-11-08 16:18:22', 44609, 233, -496, 56, 343.12, 1, 0),
(3, '2025-11-08 16:18:23', 44644, 410, -485, 56, 8.44, 9, 1),
(3, '2025-11-08 16:18:24', 44679, 793, -436, 40, 5.62, 10, 1),
(3, '2025-11-08 16:18:25', 44714, 990, -431, 0, 316.41, 5, -4),
(3, '2025-11-08 16:18:26', 44749, 1282, -599, 16, 309.38, 8, -5),
(3, '2025-11-08 16:18:27', 44784, 1397, -657, 32, 213.75, 1, 1),
(3, '2025-11-08 16:18:28', 44819, 1434, -752, 32, 98.44, 0, -1),
(3, '2025-11-08 16:18:29', 44854, 1455, -744, 32, 108.28, 0, -2),
(3, '2025-11-08 16:18:31', 44924, 1449, -690, 144, 95.62, -1, 6),
(3, '2025-11-08 16:18:32', 44959, 1427, -516, 144, 71.72, -1, 3),
(3, '2025-11-08 16:18:33', 44994, 1399, -337, 144, 171.56, -5, 0),
(3, '2025-11-08 16:18:34', 45029, 1244, -303, 144, 59.06, 2, 5),
(3, '2025-11-08 16:18:35', 45064, 1239, -207, 144, 354.38, -2, 1),
(3, '2025-11-08 16:18:36', 45099, 1391, -202, 144, 220.78, 0, -1),
(3, '2025-11-08 16:18:37', 45139, 1239, -257, 144, 275.62, -3, -5),
(3, '2025-11-08 16:18:38', 45174, 1256, -461, 54, 206.72, -1, -5),
(3, '2025-11-08 16:18:39', 45209, 1068, -620, 0, 205.31, -9, -5),
(3, '2025-11-08 16:18:40', 45244, 747, -712, 0, 184.22, -10, -2),
(3, '2025-11-08 16:18:41', 45279, 746, -711, 0, 171.56, -7, 0),
(3, '2025-11-08 16:18:42', 45314, 519, -676, 0, 171.56, -8, 1),
(3, '2025-11-08 16:18:43', 45349, 217, -663, 0, 180.00, -9, -1),
(3, '2025-11-08 16:18:44', 45384, -92, -763, 0, 281.25, -4, -10),
(3, '2025-11-08 16:18:45', 45419, 0, -1072, 0, 307.97, 1, -1),
(3, '2025-11-08 16:18:46', 45454, 44, -1206, 0, 277.03, 1, -8),
(3, '2025-11-08 16:18:47', 45489, 125, -1496, 0, 291.09, 3, -9),
(3, '2025-11-08 16:18:48', 45524, 184, -1829, 0, 251.72, -1, -11),
(3, '2025-11-08 16:18:49', 45559, -1, -2034, 40, 161.72, -5, -2),
(3, '2025-11-08 16:18:50', 45594, 0, -2045, 40, 158.91, 4, -1),
(3, '2025-11-08 16:18:51', 45629, 16, -2050, 40, 181.41, -1, 0),
(3, '2025-11-08 16:18:52', 45664, -113, -2031, 48, 201.09, -2, 0),
(3, '2025-11-08 16:18:53', 45699, -163, -2035, 48, 194.06, -4, -1),
(3, '2025-11-08 16:18:54', 45734, -290, -2047, 48, 181.41, -8, -1),
(3, '2025-11-08 16:18:55', 45769, -688, -2108, 48, 198.28, -1, -3),
(3, '2025-11-08 16:18:56', 45804, -725, -2138, 48, 202.50, -1, 0),
(3, '2025-11-08 16:18:57', 45839, -838, -2122, 48, 194.06, -12, -2),
(3, '2025-11-08 16:18:58', 45874, -1073, -2188, 48, 233.44, -3, -2),
(3, '2025-11-08 16:18:59', 45909, -1100, -2179, 48, 284.06, -1, 0),
(3, '2025-11-08 16:19:00', 45950, -1111, -2129, 48, 265.78, 0, 0),
(3, '2025-11-08 16:19:01', 45986, -1116, -2155, 104, 274.22, -1, 2),
(3, '2025-11-08 16:19:02', 46021, -1128, -2162, 48, 291.09, -3, 5),
(3, '2025-11-08 16:19:03', 46064, -1136, -2129, 48, 279.84, 0, -1),
(3, '2025-11-08 16:19:04', 46099, -1124, -2129, 48, 271.41, 0, 0),
(3, '2025-11-08 16:19:05', 46134, -1122, -2164, 108, 274.22, 0, -5),
(3, '2025-11-08 16:19:06', 46169, -1220, -2392, 112, 254.53, -6, -9),
(3, '2025-11-08 16:19:07', 46204, -1305, -2532, 112, 192.66, -6, -2),
(3, '2025-11-08 16:19:08', 46239, -1388, -2524, 112, 307.34, -1, 2),
(3, '2025-11-08 16:19:17', 46475, -225, -597, 0, 91.41, -1, 8),
(3, '2025-11-08 16:19:18', 46510, -304, -185, 0, 158.91, -8, 7),
(3, '2025-11-08 16:19:19', 46545, -416, -197, 0, 29.53, 0, -1),
(3, '2025-11-08 16:19:20', 46580, -270, -125, 0, 30.94, 1, 0),
(3, '2025-11-08 16:19:21', 46615, -89, 7, 0, 354.38, 1, 1),
(3, '2025-11-08 16:19:22', 46650, -20, 14, 0, 358.59, 0, 0),
(3, '2025-11-08 16:19:23', 46685, -23, -2, 0, 1.41, -1, -3),
(3, '2025-11-08 16:19:24', 46720, 11, -30, 0, 15.47, 7, 1),
(3, '2025-11-08 16:19:25', 46755, 296, 88, 0, 19.69, 8, 3),
(3, '2025-11-08 16:19:26', 46790, 441, 139, 0, 14.06, 3, 0),
(3, '2025-11-08 16:19:27', 46825, 338, 107, 0, 12.66, 0, 0),
(3, '2025-11-08 16:19:28', 46860, 293, 98, 0, 358.59, 0, 1),
(3, '2025-11-08 16:19:29', 46895, 323, 185, 0, 334.69, 4, 0),
(3, '2025-11-08 16:19:30', 46930, 297, 60, 0, 35.16, -5, -1),
(3, '2025-11-08 16:19:31', 46965, 268, 81, 0, 16.88, 0, -3),
(3, '2025-11-08 16:19:32', 47000, 336, 116, 0, 7.03, 7, 1),
(3, '2025-11-08 16:19:33', 47035, 709, 169, 0, 1.41, 11, 0),
(3, '2025-11-08 16:19:34', 47070, 927, 311, 0, 90.00, -1, 6),
(3, '2025-11-08 16:19:35', 47105, 851, 385, 0, 289.69, 1, -7),
(3, '2025-11-08 16:19:36', 47140, 807, 156, 0, 184.22, -7, -3),
(3, '2025-11-08 16:19:37', 47175, 510, 159, 0, 180.00, -7, 0),
(3, '2025-11-08 16:19:38', 47210, 271, 162, 0, 171.56, -9, 0),
(3, '2025-11-08 16:19:39', 47245, 128, 310, 24, 67.50, 0, 9),
(3, '2025-11-08 16:19:40', 47280, 162, 540, 56, 329.06, 1, 4),
(3, '2025-11-08 16:19:41', 47315, 325, 523, 56, 14.06, 8, -1),
(3, '2025-11-08 16:19:42', 47350, 595, 558, 56, 19.69, 8, 2),
(3, '2025-11-08 16:19:43', 47385, 896, 682, 56, 26.72, 7, 3),
(3, '2025-11-08 16:19:44', 47420, 1076, 910, 56, 187.03, -1, 2),
(3, '2025-11-08 16:19:45', 47455, 1072, 919, 56, 212.34, 0, 0),
(3, '2025-11-08 16:19:46', 47490, 1069, 915, 56, 188.44, -3, -1),
(3, '2025-11-08 16:19:47', 47525, 803, 861, 56, 198.28, -10, -3),
(3, '2025-11-08 16:19:48', 47560, 736, 800, 56, 177.19, 5, -1),
(3, '2025-11-08 16:19:49', 47595, 710, 796, 56, 195.47, 0, 0),
(3, '2025-11-08 16:19:50', 47630, 756, 797, 56, 150.47, 0, 0),
(3, '2025-11-08 16:19:51', 47665, 710, 784, 56, 144.84, -1, -1),
(3, '2025-11-08 16:19:52', 47700, 707, 779, 56, 143.44, -1, 0),
(3, '2025-11-08 16:19:53', 47735, 729, 759, 56, 137.81, 2, -2),
(3, '2025-11-08 16:19:54', 47770, 771, 847, 56, 42.19, 3, 5),
(3, '2025-11-08 16:19:55', 47805, 982, 906, 56, 333.28, 7, -3),
(3, '2025-11-08 16:19:56', 47840, 1108, 691, 56, 271.41, 0, -9),
(3, '2025-11-08 16:19:57', 47875, 1133, 375, -24, 271.41, 0, -11),
(3, '2025-11-08 16:19:58', 47916, 1135, 272, -16, 274.22, 0, -7),
(3, '2025-11-08 16:19:59', 47951, 1326, 121, -16, 312.19, -1, 0),
(3, '2025-11-08 16:20:00', 47986, 1327, 25, -16, 112.50, -1, 0),
(3, '2025-11-08 16:20:01', 48021, 1074, 4, -16, 212.34, -8, -5),
(3, '2025-11-08 16:20:02', 48056, 763, -48, -24, 177.19, -10, 0),
(3, '2025-11-08 16:20:03', 48091, 464, -35, -24, 177.19, -1, 0),
(3, '2025-11-08 16:20:04', 48126, 313, -12, 0, 161.72, -12, 2),
(3, '2025-11-08 16:20:05', 48161, 43, 44, 0, 127.97, -9, 4),
(3, '2025-11-08 16:20:06', 48196, -61, 283, 0, 87.19, -1, 2),
(3, '2025-11-08 16:20:07', 48231, -115, -43, 0, 91.41, -9, -6),
(3, '2025-11-08 16:20:08', 48266, -97, 284, 0, 68.91, 4, 12),
(3, '2025-11-08 16:20:09', 48301, -23, 757, -8, 101.25, -1, 11),
(3, '2025-11-08 16:20:10', 48336, 30, 842, -8, 185.62, -6, -3),
(3, '2025-11-08 16:20:11', 48371, -315, 825, 0, 175.78, -13, 1),
(3, '2025-11-08 16:20:12', 48406, -398, 835, 0, 178.59, -6, -1),
(3, '2025-11-08 16:20:13', 48441, -70, 802, -24, 168.75, -3, 1),
(3, '2025-11-08 16:20:14', 48476, -441, 834, 0, 184.22, -13, -1),
(3, '2025-11-08 16:20:15', 48511, -496, 828, 0, 184.22, 5, 0),
(3, '2025-11-08 16:20:16', 48546, -650, 826, 0, 178.59, -10, 0),
(3, '2025-11-08 16:20:17', 48581, -785, 823, -104, 177.19, 4, -1),
(3, '2025-11-08 16:20:18', 48616, -1002, 783, -104, 277.03, -3, -7),
(3, '2025-11-08 16:20:19', 48651, -1014, 594, -128, 272.81, -1, 2),
(3, '2025-11-08 16:20:20', 48686, -1028, 767, -104, 272.81, -1, -5),
(3, '2025-11-08 16:20:21', 48721, -1032, 561, -130, 244.69, -1, -13),
(3, '2025-11-08 16:20:22', 48756, -1244, 408, -176, 177.19, -12, -1),
(3, '2025-11-08 16:20:23', 48791, -1576, 404, -184, 32.34, -2, 0),
(3, '2025-11-08 16:20:24', 48826, -1357, 471, -176, 295.31, -1, 5),
(3, '2025-11-08 16:20:25', 48861, -1570, 475, -184, 351.56, -8, 8),
(3, '2025-11-08 16:20:26', 48896, -1466, 402, -184, 12.66, 3, -2),
(3, '2025-11-08 16:20:27', 48931, -1496, 420, -184, 4.22, -2, 5),
(3, '2025-11-08 16:20:28', 48966, -1599, 420, -184, 9.84, -7, -2),
(3, '2025-11-08 16:20:29', 49001, -1634, 424, -184, 7.03, -1, 0),
(3, '2025-11-08 16:20:30', 49036, -1483, 440, -184, 357.19, 0, 0),
(3, '2025-11-08 16:20:31', 49071, -1350, 408, -176, 288.28, 8, -6),
(3, '2025-11-08 16:20:32', 49106, -1269, 215, -176, 85.78, -3, -4),
(3, '2025-11-08 16:20:33', 49141, -1383, 454, -176, 191.25, -10, 4),
(3, '2025-11-08 16:20:34', 49176, -1651, 472, -184, 95.62, -3, 4),
(3, '2025-11-08 16:20:35', 49211, -1663, 655, -184, 85.78, 0, 3),
(3, '2025-11-08 16:20:36', 49246, -1655, 921, -184, 82.97, 0, 8),
(3, '2025-11-08 16:20:37', 49281, -1621, 1134, -184, 82.97, -3, -5),
(3, '2025-11-08 16:20:38', 49316, -1638, 1032, -184, 94.22, -1, -3),
(3, '2025-11-08 16:20:39', 49351, -1657, 1068, -184, 81.56, -1, -3),
(3, '2025-11-08 16:20:40', 49386, -1617, 1134, -184, 60.47, 0, 4),
(3, '2025-11-08 16:20:41', 49421, -1567, 1234, -184, 0.00, 4, 0),
(3, '2025-11-08 16:20:42', 49456, -1562, 1256, -184, 345.94, 6, -2),
(3, '2025-11-08 16:20:43', 49491, -1549, 1185, -184, 23.91, -1, -3),
(3, '2025-11-08 16:20:44', 49526, -1446, 1258, -184, 357.19, 1, 0),
(3, '2025-11-08 16:20:45', 49561, -1318, 1268, -176, 85.78, 1, 6),
(3, '2025-11-08 16:20:46', 49596, -1261, 1428, -176, 265.78, 1, -7),
(3, '2025-11-08 16:20:47', 49631, -1256, 1208, -176, 161.72, -6, 0),
(3, '2025-11-08 16:20:48', 49666, -1570, 1217, -184, 232.03, -8, -5),
(3, '2025-11-08 16:20:49', 49701, -1658, 911, -184, 357.19, 0, -4),
(3, '2025-11-08 16:20:50', 49736, -1655, 809, -184, 49.22, -1, -1),
(3, '2025-11-08 16:20:51', 49771, -1692, 860, -184, 53.44, 0, 1),
(3, '2025-11-08 16:20:52', 49806, -1695, 911, -184, 30.94, -4, -2),
(3, '2025-11-08 16:20:53', 49841, -1776, 627, -184, 23.91, -1, -1),
(3, '2025-11-08 16:20:54', 49876, -1803, 847, -184, 358.59, -1, 0),
(3, '2025-11-08 16:20:55', 49911, -1534, 820, -198, 357.19, 10, -2),
(3, '2025-11-08 16:20:56', 49946, -1135, 853, -192, 333.28, 9, -2),
(3, '2025-11-08 16:20:58', 49982, -1110, 835, -192, 150.47, -1, 0),
(3, '2025-11-08 16:20:59', 50017, -1108, 872, -192, 156.09, 1, -1),
(3, '2025-11-08 16:21:00', 50059, -1295, 956, -208, 157.50, -11, 4),
(3, '2025-11-08 16:21:01', 50094, -1453, 992, -186, 300.94, -1, -1),
(3, '2025-11-08 16:21:02', 50129, -1427, 947, -151, 295.31, -1, 0),
(3, '2025-11-08 16:21:03', 50164, -1563, 817, -208, 181.41, -9, -5),
(3, '2025-11-08 16:21:04', 50199, -1735, 968, -184, 63.28, 1, 9),
(3, '2025-11-08 16:21:05', 50234, -1533, 1204, -184, 354.38, 9, 1),
(3, '2025-11-08 16:21:06', 50269, -1180, 1191, -168, 334.69, 9, -3),
(3, '2025-11-08 16:21:07', 50304, -1009, 975, -104, 282.66, 1, -13),
(3, '2025-11-08 16:21:08', 50339, -903, 798, -104, 23.91, 4, 3),
(3, '2025-11-08 16:21:09', 50374, -785, 843, -104, 355.78, 0, -2),
(3, '2025-11-08 16:21:11', 50463, -778, 831, -20, 0.00, 2, 0),
(3, '2025-11-08 16:21:12', 50498, -673, 831, 0, 0.00, 0, 0),
(3, '2025-11-08 16:21:13', 50533, -516, 823, 0, 0.00, 8, -2),
(3, '2025-11-08 16:21:14', 50568, -216, 811, 0, 1.41, 8, 0),
(3, '2025-11-08 16:21:15', 50603, -16, 816, -8, 1.41, 0, 1),
(3, '2025-11-08 16:21:16', 50638, -18, 864, -8, 4.22, -1, 1),
(3, '2025-11-08 16:21:17', 50673, -13, 843, -8, 355.78, 1, -1),
(3, '2025-11-08 16:21:18', 50708, 137, 830, 0, 357.19, 7, -1),
(3, '2025-11-08 16:21:19', 50743, 463, 857, 56, 71.72, 8, 5),
(3, '2025-11-08 16:21:20', 50778, 486, 1056, 56, 74.53, -5, 6),
(3, '2025-11-08 16:21:21', 50813, 382, 1195, 56, 8.44, -2, 6),
(3, '2025-11-08 16:21:22', 50848, 405, 1091, 56, 61.88, -1, -5),
(3, '2025-11-08 16:21:23', 50883, 450, 976, 56, 80.16, 2, 0),
(3, '2025-11-08 16:21:24', 50918, 499, 957, 56, 73.12, 6, -3),
(3, '2025-11-08 16:21:25', 50953, 551, 1052, 56, 43.59, 1, 7),
(3, '2025-11-08 16:21:26', 50988, 676, 1153, 56, 351.56, 0, 0),
(3, '2025-11-08 16:21:27', 51023, 561, 1153, 56, 2.81, -5, -1),
(3, '2025-11-08 16:21:28', 51058, 369, 1178, 56, 340.31, -1, 7),
(3, '2025-11-08 16:21:29', 51093, 382, 1239, 56, 341.72, -2, -5),
(3, '2025-11-08 16:21:30', 51128, 636, 1115, 56, 46.41, 5, -1),
(3, '2025-11-08 16:21:31', 51163, 616, 996, 56, 92.81, -9, 0),
(3, '2025-11-08 16:21:32', 51198, 418, 1135, 56, 354.38, -3, 3),
(3, '2025-11-08 16:21:33', 51233, 428, 1242, 56, 354.38, -1, 0),
(3, '2025-11-08 16:21:34', 51268, 603, 1086, 56, 1.41, 11, -3),
(3, '2025-11-08 16:21:35', 51303, 935, 1115, 88, 338.91, 7, -1),
(3, '2025-11-08 16:21:36', 51338, 1113, 1201, 88, 261.56, 6, 3),
(3, '2025-11-08 16:21:37', 51373, 1293, 1294, 88, 236.25, 2, -3),
(3, '2025-11-08 16:21:38', 51408, 1408, 1320, 88, 203.91, -1, 0),
(3, '2025-11-08 16:21:39', 51443, 1327, 1285, 88, 211.19, 0, 0),
(3, '2025-11-08 16:21:49', 51697, -1472, -3340, 64, 88.59, 0, 0),
(3, '2025-11-08 16:21:50', 51732, -1427, -3219, 64, 142.03, -2, 8),
(3, '2025-11-08 16:21:51', 51767, -1465, -3257, 64, 118.12, -3, 4),
(3, '2025-11-08 16:21:52', 51802, -1682, -3101, 64, 157.50, -9, 2),
(3, '2025-11-08 16:21:53', 51837, -1869, -3021, 64, 63.28, -2, -2),
(3, '2025-11-08 16:21:54', 51872, -1841, -2885, 64, 98.44, 0, 8),
(3, '2025-11-08 16:21:55', 51907, -1838, -2692, 64, 78.75, 1, 7),
(3, '2025-11-08 16:21:56', 51942, -1834, -2596, 64, 167.34, -3, 8),
(3, '2025-11-08 16:21:57', 51977, -1918, -2729, 64, 39.38, 5, -6),
(3, '2025-11-08 16:21:58', 52012, -1876, -2555, 64, 133.59, 3, -3),
(3, '2025-11-08 16:21:59', 52047, -1863, -2570, 64, 132.19, 1, -2),
(3, '2025-11-08 16:22:00', 52082, -1957, -2497, 64, 209.53, -9, 3),
(3, '2025-11-08 16:22:01', 52117, -2130, -2588, 64, 132.19, -6, -5),
(3, '2025-11-08 16:22:02', 52152, -2079, -2506, 64, 52.03, 6, 8),
(3, '2025-11-08 16:22:03', 52187, -1846, -2261, 64, 73.12, 5, 6),
(3, '2025-11-08 16:22:04', 52222, -1911, -1995, 96, 195.47, -9, 2),
(3, '2025-11-08 16:22:05', 52257, -2162, -2015, 32, 320.62, -2, -2),
(3, '2025-11-08 16:22:06', 52292, -2167, -2089, 32, 334.69, 3, -4),
(3, '2025-11-08 16:22:07', 52327, -2080, -2150, 32, 7.03, 6, 0),
(3, '2025-11-08 16:22:08', 52362, -1921, -2116, 32, 127.97, -1, -5),
(3, '2025-11-08 16:22:09', 52397, -2185, -2112, 32, 39.38, -1, 0),
(3, '2025-11-08 16:22:10', 52432, -2170, -2044, 32, 18.28, 5, 3),
(3, '2025-11-08 16:22:11', 52467, -1877, -2011, 96, 350.16, 9, -1),
(3, '2025-11-08 16:22:12', 52502, -1795, -2188, 80, 240.47, -2, -10),
(3, '2025-11-08 16:22:13', 52537, -1960, -2391, 64, 146.25, -8, 1),
(3, '2025-11-08 16:22:14', 52572, -2191, -2225, 80, 135.00, -7, 6),
(3, '2025-11-08 16:22:15', 52607, -2406, -2010, 120, 109.69, -4, 3),
(3, '2025-11-08 16:22:16', 52642, -2445, -1938, 128, 84.38, 0, 5),
(3, '2025-11-08 16:22:17', 52677, -2382, -1689, 128, 61.88, 5, 10),
(3, '2025-11-08 16:22:18', 52712, -2292, -1637, 128, 102.66, 0, -2),
(3, '2025-11-08 16:22:19', 52747, -2404, -1471, 128, 298.12, -5, 2),
(3, '2025-11-08 16:22:20', 52782, -2483, -1367, 128, 239.06, -2, 3),
(3, '2025-11-08 16:22:21', 52817, -2569, -1377, 128, 213.75, 4, 3),
(3, '2025-11-08 16:22:22', 52852, -2481, -1328, 128, 191.25, 0, -1),
(3, '2025-11-08 16:22:23', 52887, -2639, -1530, 128, 320.62, 2, -8),
(3, '2025-11-08 16:22:24', 52922, -2605, -1635, 128, 234.84, -2, -6),
(3, '2025-11-08 16:22:25', 52957, -2816, -1841, 128, 164.53, -9, -5),
(3, '2025-11-08 16:22:26', 52992, -3047, -1793, 128, 277.03, -5, -7),
(3, '2025-11-08 16:22:27', 53027, -2962, -2034, 128, 310.78, 5, -9),
(3, '2025-11-08 16:22:28', 53062, -2742, -2086, 128, 94.22, 2, 8),
(3, '2025-11-08 16:22:29', 53097, -2718, -2008, 128, 9.84, -2, -1),
(3, '2025-11-08 16:22:30', 53132, -2619, -1999, 128, 5.62, 6, 1),
(3, '2025-11-08 16:22:31', 53167, -2358, -2087, 104, 300.94, 8, -8),
(3, '2025-11-08 16:22:32', 53202, -2001, -2403, 64, 32.34, 12, -3),
(3, '2025-11-08 16:22:33', 53237, -1810, -2172, 80, 108.28, -1, 10),
(3, '2025-11-08 16:22:34', 53272, -1890, -1848, 96, 78.75, -2, 9),
(3, '2025-11-08 16:22:35', 53307, -1863, -1711, 96, 97.03, -2, -3),
(3, '2025-11-08 16:22:36', 53342, -1875, -1507, 96, 73.12, -1, 1),
(3, '2025-11-08 16:22:37', 53377, -1835, -1353, 96, 73.12, 2, 7),
(3, '2025-11-08 16:22:38', 53412, -1804, -1153, 96, 98.44, 0, 0),
(3, '2025-11-08 16:22:39', 53447, -1793, -1010, 96, 50.62, 3, 5),
(3, '2025-11-08 16:22:40', 53482, -1790, -818, 96, 37.97, 1, 7),
(3, '2025-11-08 16:22:41', 53517, -1619, -726, 96, 351.56, 7, -1),
(3, '2025-11-08 16:22:42', 53552, -1368, -809, 88, 344.53, 8, -5),
(3, '2025-11-08 16:22:43', 53587, -1031, -840, 61, 15.47, 9, 1),
(3, '2025-11-08 16:22:44', 53622, -1004, -736, -32, 196.88, -10, 0),
(3, '2025-11-08 16:22:45', 53657, -1296, -763, -28, 319.22, -2, 1),
(3, '2025-11-08 16:22:46', 53697, -1109, -771, -8, 4.22, 3, -1),
(3, '2025-11-08 16:22:47', 53732, -1068, -764, 9, 40.78, 3, 2),
(3, '2025-11-08 16:22:48', 53767, -1027, -744, 27, 344.53, 5, -2),
(3, '2025-11-08 16:22:49', 53802, -955, -766, 44, 2.81, 0, -1),
(3, '2025-11-08 16:22:50', 53837, -913, -763, 62, 2.81, 0, 0),
(3, '2025-11-08 16:22:51', 53872, -710, -785, 96, 324.84, 7, -4),
(3, '2025-11-08 16:22:52', 53907, -518, -851, 96, 289.69, -2, 4),
(3, '2025-11-08 16:22:53', 53942, -439, -876, 96, 75.94, 4, -1),
(3, '2025-11-08 16:22:54', 53977, -419, -796, 96, 116.72, -1, 2),
(3, '2025-11-08 16:22:55', 54012, -479, -689, 96, 84.38, -3, 8),
(3, '2025-11-08 16:22:56', 54047, -399, -377, 96, 350.16, 8, 3),
(3, '2025-11-08 16:22:57', 54082, -157, -481, 96, 271.41, 2, -8),
(3, '2025-11-08 16:22:58', 54117, -120, -748, 96, 225.00, 0, -4),
(3, '2025-11-08 16:22:59', 54152, -165, -854, 104, 343.12, 1, -9),
(3, '2025-11-08 16:23:00', 54187, -211, -780, 96, 102.66, -2, 4),
(3, '2025-11-08 16:23:01', 54222, -221, -780, 96, 101.25, 1, -6),
(3, '2025-11-08 16:23:02', 54257, -272, -866, 96, 94.22, -1, -1),
(3, '2025-11-08 16:23:03', 54292, -276, -797, 96, 92.81, -1, 6),
(3, '2025-11-08 16:23:04', 54327, -127, -611, 96, 94.22, 3, 10),
(3, '2025-11-08 16:23:05', 54362, -310, -406, 96, 212.34, -9, -3),
(3, '2025-11-08 16:23:06', 54397, -496, -560, 96, 257.34, -1, -3),
(3, '2025-11-08 16:23:07', 54432, -520, -677, 96, 191.25, -7, -3),
(3, '2025-11-08 16:23:08', 54467, -741, -710, 91, 191.25, -8, -2),
(3, '2025-11-08 16:23:09', 54502, -1158, -756, 88, 182.81, -12, -1),
(3, '2025-11-08 16:23:10', 54537, -1542, -777, 96, 182.81, -15, -1),
(3, '2025-11-08 16:23:11', 54572, -1830, -935, 96, 279.84, -1, -8),
(3, '2025-11-08 16:23:12', 54607, -1802, -1284, 96, 255.94, -1, -15),
(3, '2025-11-08 16:23:13', 54642, -1837, -1544, 96, 272.81, 0, 4),
(3, '2025-11-08 16:23:14', 54677, -1850, -1568, 96, 260.16, -2, -10),
(3, '2025-11-08 16:23:15', 54712, -1839, -1975, 96, 282.66, 3, -16),
(3, '2025-11-08 16:23:16', 54747, -1852, -2395, 64, 240.47, -6, -7),
(3, '2025-11-08 16:23:17', 54782, -1925, -2471, 64, 316.41, 2, -2),
(3, '2025-11-08 16:23:18', 54817, -1901, -2713, 64, 277.03, -1, -12),
(3, '2025-11-08 16:23:19', 54852, -1809, -3017, 64, 348.75, 0, -2),
(3, '2025-11-08 16:23:20', 54887, -1582, -3054, 64, 357.19, 9, -1),
(3, '2025-11-08 16:23:21', 54922, -1190, -3060, 64, 40.78, 14, 3),
(3, '2025-11-08 16:23:22', 54957, -1091, -2799, 64, 112.50, -4, 7),
(3, '2025-11-08 16:23:23', 54992, -1173, -2628, 64, 147.66, -2, 1),
(3, '2025-11-08 16:23:24', 55027, -1249, -2480, 64, 80.16, -1, 8),
(3, '2025-11-08 16:23:25', 55062, -1254, -2433, 64, 80.16, 1, 6),
(3, '2025-11-08 16:23:26', 55097, -1204, -2164, 64, 54.84, 0, 2),
(3, '2025-11-08 16:23:27', 55132, -1243, -2185, 64, 28.12, -7, -6),
(3, '2025-11-08 16:23:28', 55167, -1170, -2252, 64, 9.84, 9, 0),
(3, '2025-11-08 16:23:29', 55202, -879, -2206, 64, 15.47, 8, 1),
(3, '2025-11-08 16:23:30', 55237, -726, -2086, 64, 94.22, 0, 6),
(3, '2025-11-08 16:23:31', 55272, -724, -1907, 64, 77.34, -1, -1),
(3, '2025-11-08 16:23:32', 55307, -657, -1762, 64, 56.25, 3, 6),
(3, '2025-11-08 16:23:33', 55342, -629, -1704, 64, 36.56, 2, 2),
(3, '2025-11-08 16:23:34', 55377, -412, -1577, 48, 33.75, 9, 4),
(3, '2025-11-08 16:23:35', 55412, -273, -1502, 48, 61.88, 0, 1),
(3, '2025-11-08 16:23:36', 55447, -188, -1373, 48, 15.47, 1, 2),
(3, '2025-11-08 16:23:37', 55482, -145, -1297, 48, 225.62, 0, 0),
(3, '2025-11-08 16:23:46', 55746, 78, 479, 0, 255.94, -3, -7),
(3, '2025-11-08 16:23:47', 55781, 144, 384, 0, 357.19, 8, -1),
(3, '2025-11-08 16:23:48', 55816, 267, 433, 0, 241.88, 0, 0),
(3, '2025-11-08 16:23:49', 55851, 204, 245, 0, 261.56, -1, -8),
(3, '2025-11-08 16:23:50', 55886, 179, 162, 0, 285.47, -1, 4),
(3, '2025-11-08 16:23:51', 55921, 162, 221, 0, 316.41, -1, 0),
(3, '2025-11-08 16:23:52', 55956, 156, 238, 0, 284.06, 2, -5),
(3, '2025-11-08 16:23:53', 55991, 238, 189, 0, 257.34, 3, -2),
(3, '2025-11-08 16:23:54', 56026, 241, 154, 0, 262.97, -5, -7),
(3, '2025-11-08 16:23:55', 56061, 201, -30, 0, 310.78, -3, 0),
(3, '2025-11-08 16:23:56', 56096, 148, -24, 0, 272.81, 0, -6),
(3, '2025-11-08 16:23:57', 56131, 176, -321, 40, 275.62, 1, -9),
(3, '2025-11-08 16:23:58', 56166, 213, -496, 56, 334.69, 0, -1),
(3, '2025-11-08 16:23:59', 56201, 315, -495, 56, 7.03, 4, 0),
(3, '2025-11-08 16:24:00', 56236, 643, -453, 56, 5.62, 10, 1),
(3, '2025-11-08 16:24:01', 56271, 906, -414, 8, 347.34, 4, 0),
(3, '2025-11-08 16:24:02', 56306, 1123, -527, 8, 336.09, 9, -7),
(3, '2025-11-08 16:24:03', 56341, 1389, -697, 32, 257.34, -1, 3),
(3, '2025-11-08 16:24:04', 56376, 1405, -731, 32, 347.34, 4, -8),
(3, '2025-11-08 16:24:05', 56411, 1439, -752, 32, 137.81, -1, 0),
(3, '2025-11-08 16:24:07', 56481, 1455, -752, 112, 95.62, -1, 0),
(3, '2025-11-08 16:24:08', 56516, 1434, -560, 144, 95.62, -1, 7),
(3, '2025-11-08 16:24:09', 56551, 1444, -392, 144, 133.59, -2, 9),
(3, '2025-11-08 16:24:10', 56586, 1279, -337, 144, 126.56, -7, 0),
(3, '2025-11-08 16:24:11', 56621, 1258, -263, 144, 11.25, -2, 3);