id partida = 2
id jugador= 126 (ale)
id mapa = 3
INSERT INTO Telemetria (id_partida, tiempo, tic, pos_x, pos_y, pos_z, angulo, momento_x,momento_y) values
(2, '2025-11-08 14:32:13', 177, -224, -624, 0, 90.00, 0, -1),
(2, '2025-11-08 14:32:14', 212, -250, -283, -16, 133.59, -4, 11),
(2, '2025-11-08 14:32:15', 247, -410, -175, 0, 49.22, -2, -4),
(2, '2025-11-08 14:32:16', 282, -299, -140, 0, 30.94, 4, 2),
(2, '2025-11-08 14:32:17', 317, -120, -12, 0, 355.78, 4, 2),
(2, '2025-11-08 14:32:18', 352, -24, 13, 0, 358.59, 1, 0),
(2, '2025-11-08 14:32:19', 387, -3, 13, 0, 1.41, -3, -1),
(2, '2025-11-08 14:32:20', 422, -31, -33, 0, 5.62, 1, -1),
(2, '2025-11-08 14:32:21', 457, 206, 48, 0, 25.31, 9, 4),
(2, '2025-11-08 14:32:22', 492, 410, 126, 0, 8.44, 7, 1),
(2, '2025-11-08 14:32:23', 527, 367, 114, 0, 12.66, -6, -2),
(2, '2025-11-08 14:32:24', 562, 307, 136, 0, 358.59, -4, -7),
(2, '2025-11-08 14:32:25', 597, 323, 183, 0, 345.94, 9, 2),
(2, '2025-11-08 14:32:26', 632, 331, 101, 0, 32.34, -3, -5),
(2, '2025-11-08 14:32:27', 667, 268, 115, 0, 5.62, -3, -3),
(2, '2025-11-08 14:32:28', 702, 280, 105, 0, 7.03, 4, 1),
(2, '2025-11-08 14:32:29', 737, 610, 159, 0, 1.41, 9, 1),
(2, '2025-11-08 14:32:30', 772, 927, 266, 0, 90.00, -1, 2),
(2, '2025-11-08 14:32:31', 807, 859, 424, 0, 232.03, -8, -4),
(2, '2025-11-08 14:32:32', 842, 863, 202, 0, 203.91, -4, -7),
(2, '2025-11-08 14:32:33', 877, 607, 155, 0, 180.00, -12, 0),
(2, '2025-11-08 14:32:34', 912, 357, 162, 0, 180.00, -9, 0),
(2, '2025-11-08 14:32:35', 947, 140, 225, 0, 97.03, -3, 6),
(2, '2025-11-08 14:32:36', 982, 159, 477, 56, 341.72, -3, 4),
(2, '2025-11-08 14:32:37', 1017, 247, 542, 56, 345.94, 6, -3),
(2, '2025-11-08 14:32:38', 1052, 511, 535, 56, 19.69, 8, 1),
(2, '2025-11-08 14:32:39', 1087, 813, 643, 56, 26.72, 8, 4),
(2, '2025-11-08 14:32:40', 1122, 1088, 851, 56, 127.97, 1, 11),
(2, '2025-11-08 14:32:41', 1157, 1058, 918, 56, 201.09, 2, 1),
(2, '2025-11-08 14:32:42', 1192, 1072, 917, 56, 195.47, 0, -1),
(2, '2025-11-08 14:32:43', 1227, 898, 886, 56, 196.88, -10, -3),
(2, '2025-11-08 14:32:44', 1262, 682, 804, 56, 177.19, 2, -1),
(2, '2025-11-08 14:32:45', 1297, 714, 795, 56, 195.47, -2, -1),
(2, '2025-11-08 14:32:46', 1332, 747, 800, 56, 153.28, 0, -1),
(2, '2025-11-08 14:32:47', 1367, 717, 791, 56, 146.25, -2, -1),
(2, '2025-11-08 14:32:48', 1402, 708, 778, 56, 143.44, -1, 0),
(2, '2025-11-08 14:32:49', 1437, 710, 776, 56, 137.81, 0, -1),
(2, '2025-11-08 14:32:50', 1472, 751, 785, 56, 73.12, 1, 5),
(2, '2025-11-08 14:32:51', 1507, 906, 919, 56, 351.56, 7, -1),
(2, '2025-11-08 14:32:52', 1542, 1094, 774, 56, 275.62, 2, -9),
(2, '2025-11-08 14:32:53', 1577, 1129, 473, -24, 271.41, 0, -10),
(2, '2025-11-08 14:32:55', 1618, 1135, 288, -24, 271.41, 0, -1),
(2, '2025-11-08 14:32:56', 1653, 1252, 108, -16, 30.94, 10, -1),
(2, '2025-11-08 14:32:57', 1688, 1327, 44, -16, 132.19, 0, -3),
(2, '2025-11-08 14:32:58', 1723, 1156, 43, -16, 215.16, -9, -4),
(2, '2025-11-08 14:32:59', 1758, 858, -48, -24, 177.19, -10, -1),
(2, '2025-11-08 14:33:00', 1793, 536, -39, -24, 177.19, -9, 0),
(2, '2025-11-08 14:33:01', 1828, 404, -24, -16, 172.97, -8, 0),
(2, '2025-11-08 14:33:02', 1863, 122, 9, 0, 147.66, -8, 2),
(2, '2025-11-08 14:33:03', 1898, -59, 212, 0, 84.38, -1, 8),
(2, '2025-11-08 14:33:04', 1933, -58, 55, 0, 91.41, -2, -13),
(2, '2025-11-08 14:33:05', 1968, -143, 144, 0, 68.91, 4, 13),
(2, '2025-11-08 14:33:06', 2003, -28, 634, -24, 92.81, 1, 13),
(2, '2025-11-08 14:33:07', 2038, 47, 865, -8, 187.03, 0, 0),
(2, '2025-11-08 14:33:08', 2073, -207, 809, -24, 163.12, -10, 0),
(2, '2025-11-08 14:33:09', 2108, -398, 839, 0, 184.22, -13, -1),
(2, '2025-11-08 14:33:10', 2143, -115, 800, -24, 172.97, 9, -1),
(2, '2025-11-08 14:33:11', 2178, -327, 835, 0, 184.22, -13, 0),
(2, '2025-11-08 14:33:12', 2213, -573, 823, 0, 184.22, 9, 0),
(2, '2025-11-08 14:33:13', 2248, -547, 827, 0, 180.00, -12, -1),
(2, '2025-11-08 14:33:14', 2283, -842, 827, -100, 177.19, 3, -1),
(2, '2025-11-08 14:33:15', 2318, -955, 819, -104, 251.72, -7, -1),
(2, '2025-11-08 14:33:16', 2353, -1013, 609, -122, 272.81, 0, -5),
(2, '2025-11-08 14:33:17', 2388, -1023, 758, -104, 272.81, -1, 4),
(2, '2025-11-08 14:33:18', 2423, -1035, 666, -109, 272.81, 0, -9),
(2, '2025-11-08 14:33:19', 2458, -1132, 413, -160, 177.19, -11, -1),
(2, '2025-11-08 14:33:20', 2493, -1516, 416, -184, 35.16, -10, -2),
(2, '2025-11-08 14:33:21', 2528, -1384, 439, -176, 303.75, 7, -1),
(2, '2025-11-08 14:33:22', 2563, -1470, 428, -184, 350.16, -10, -1),
(2, '2025-11-08 14:33:23', 2598, -1543, 432, -184, 1.41, 10, -5),
(2, '2025-11-08 14:33:24', 2633, -1477, 400, -184, 4.22, -3, -1),
(2, '2025-11-08 14:33:25', 2668, -1519, 444, -184, 8.44, -6, -3),
(2, '2025-11-08 14:33:26', 2703, -1584, 432, -184, 9.84, -5, -1),
(2, '2025-11-08 14:33:27', 2738, -1552, 434, -184, 4.22, 9, 0),
(2, '2025-11-08 14:33:28', 2773, -1452, 442, -184, 345.94, 9, -2),
(2, '2025-11-08 14:33:29', 2808, -1248, 281, -176, 345.94, 2, -7),
(2, '2025-11-08 14:33:30', 2843, -1311, 371, -176, 140.62, -5, 10),
(2, '2025-11-08 14:33:31', 2878, -1617, 465, -184, 123.75, -5, -2),
(2, '2025-11-08 14:33:32', 2913, -1661, 634, -184, 81.56, 0, 3),
(2, '2025-11-08 14:33:33', 2948, -1660, 837, -184, 84.38, 0, 9),
(2, '2025-11-08 14:33:34', 2983, -1609, 1143, -184, 32.34, 3, 8),
(2, '2025-11-08 14:33:35', 3018, -1640, 1101, -184, 91.41, -1, -7),
(2, '2025-11-08 14:33:36', 3053, -1644, 1095, -184, 80.16, -2, -1),
(2, '2025-11-08 14:33:37', 3088, -1617, 1093, -184, 37.97, 1, 3),
(2, '2025-11-08 14:33:38', 3123, -1579, 1227, -184, 0.00, -2, 0),
(2, '2025-11-08 14:33:39', 3158, -1595, 1258, -184, 340.31, 1, 0),
(2, '2025-11-08 14:33:40', 3193, -1552, 1223, -184, 351.56, 0, -6),
(2, '2025-11-08 14:33:41', 3228, -1480, 1249, -184, 357.19, 5, 1),
(2, '2025-11-08 14:33:42', 3263, -1338, 1228, -176, 80.16, 2, 1),
(2, '2025-11-08 14:33:43', 3298, -1281, 1453, -176, 299.53, 1, 0),
(2, '2025-11-08 14:33:44', 3333, -1251, 1226, -176, 161.72, 3, -5),
(2, '2025-11-08 14:33:45', 3368, -1483, 1242, -184, 217.97, -11, -1),
(2, '2025-11-08 14:33:46', 3403, -1675, 976, -184, 336.09, 2, -10),
(2, '2025-11-08 14:33:47', 3438, -1655, 816, -184, 50.62, 0, -2),
(2, '2025-11-08 14:33:48', 3473, -1691, 844, -184, 53.44, -1, 2),
(2, '2025-11-08 14:33:49', 3508, -1648, 939, -184, 32.34, -5, -3),
(2, '2025-11-08 14:33:50', 3543, -1746, 721, -184, 25.31, -7, -16),
(2, '2025-11-08 14:33:51', 3578, -1777, 818, -184, 21.09, -2, 6),
(2, '2025-11-08 14:33:52', 3613, -1637, 832, -184, 352.97, 9, -2),
(2, '2025-11-08 14:33:53', 3648, -1239, 850, -208, 354.38, 10, 1),
(2, '2025-11-08 14:33:54', 3684, -1105, 832, -192, 150.47, -1, 0),
(2, '2025-11-08 14:33:55', 3719, -1112, 871, -192, 167.34, 0, 0),
(2, '2025-11-08 14:33:56', 3761, -1210, 918, -194, 156.09, -8, 3),
(2, '2025-11-08 14:33:57', 3796, -1447, 1001, -196, 295.31, -2, -2),
(2, '2025-11-08 14:33:58', 3831, -1426, 940, -161, 292.50, 0, 0),
(2, '2025-11-08 14:33:59', 3866, -1491, 873, -169, 209.53, -6, -6),
(2, '2025-11-08 14:34:00', 3901, -1730, 873, -184, 82.97, -4, 7),
(2, '2025-11-08 14:34:01', 3936, -1629, 1172, -184, 5.62, 7, 4),
(2, '2025-11-08 14:34:02', 3971, -1282, 1203, -176, 354.38, 10, -1),
(2, '2025-11-08 14:34:03', 4006, -1027, 1073, -128, 272.81, 2, -8),
(2, '2025-11-08 14:34:04', 4041, -913, 775, -104, 36.56, 0, 0),
(2, '2025-11-08 14:34:05', 4076, -793, 847, -104, 354.38, 1, 0),
(2, '2025-11-08 14:34:06', 4111, -780, 831, -104, 0.00, 0, -1),
(2, '2025-11-08 14:34:08', 4200, -673, 831, 0, 0.00, 0, 0),
(2, '2025-11-08 14:34:09', 4235, -592, 831, 0, 0.00, 7, 0),
(2, '2025-11-08 14:34:10', 4270, -301, 810, 0, 1.41, 8, 0),
(2, '2025-11-08 14:34:11', 4305, -28, 814, -8, 1.41, 2, 0),
(2, '2025-11-08 14:34:12', 4340, -14, 839, -8, 4.22, -1, 3),
(2, '2025-11-08 14:34:13', 4375, -17, 850, -8, 358.59, 0, -1),
(2, '2025-11-08 14:34:14', 4410, 76, 833, 0, 357.19, 4, -1),
(2, '2025-11-08 14:34:15', 4445, 353, 824, 56, 19.69, 12, 0),
(2, '2025-11-08 14:34:16', 4480, 553, 1011, 56, 82.97, -5, 2),
(2, '2025-11-08 14:34:17', 4515, 408, 1120, 56, 8.44, -4, 4),
(2, '2025-11-08 14:34:18', 4550, 390, 1135, 56, 26.72, 3, -6),
(2, '2025-11-08 14:34:19', 4585, 437, 984, 56, 82.97, 0, -2),
(2, '2025-11-08 14:34:20', 4620, 473, 973, 56, 78.75, 0, -1),
(2, '2025-11-08 14:34:21', 4655, 548, 978, 56, 97.03, -1, 5),
(2, '2025-11-08 14:34:22', 4690, 664, 1145, 56, 351.56, 3, 1),
(2, '2025-11-08 14:34:23', 4725, 618, 1156, 56, 7.03, -7, -1),
(2, '2025-11-08 14:34:24', 4760, 424, 1151, 56, 341.72, -9, 1),
(2, '2025-11-08 14:34:25', 4795, 385, 1249, 56, 341.72, -1, 0),
(2, '2025-11-08 14:34:26', 4830, 535, 1115, 56, 9.84, 11, -2),
(2, '2025-11-08 14:34:27', 4865, 653, 1006, 56, 92.81, -1, -2),
(2, '2025-11-08 14:34:28', 4900, 462, 1120, 56, 5.62, -5, 1),
(2, '2025-11-08 14:34:29', 4935, 428, 1234, 56, 354.38, 0, 1),
(2, '2025-11-08 14:34:30', 4970, 490, 1123, 56, 352.97, 9, -5),
(2, '2025-11-08 14:34:31', 5005, 856, 1102, 80, 8.44, 7, 2),
(2, '2025-11-08 14:34:32', 5040, 1029, 1170, 88, 271.41, 6, 7),
(2, '2025-11-08 14:34:33', 5075, 1248, 1321, 88, 236.25, 5, -3),
(2, '2025-11-08 14:34:34', 5110, 1378, 1304, 88, 203.91, 5, 2),
(2, '2025-11-08 14:34:35', 5145, 1315, 1283, 88, 205.47, 1, 0),
(2, '2025-11-08 14:34:44', 5399, -1472, -3344, 64, 88.59, 0, 0),
(2, '2025-11-08 14:34:46', 5434, -1452, -3306, 64, 61.88, 4, 7),
(2, '2025-11-08 14:34:47', 5469, -1457, -3262, 64, 118.12, 0, -2),
(2, '2025-11-08 14:34:48', 5504, -1618, -3128, 64, 170.16, -9, 2),
(2, '2025-11-08 14:34:49', 5539, -1844, -3012, 64, 80.16, -3, 1),
(2, '2025-11-08 14:34:50', 5574, -1856, -2964, 64, 82.97, 1, 7),
(2, '2025-11-08 14:34:51', 5609, -1845, -2757, 64, 84.38, 0, 3),
(2, '2025-11-08 14:34:52', 5644, -1828, -2662, 64, 91.41, -1, 1),
(2, '2025-11-08 14:34:53', 5679, -1922, -2644, 64, 272.81, -2, -9),
(2, '2025-11-08 14:34:54', 5714, -1849, -2623, 64, 129.38, -4, 10),
(2, '2025-11-08 14:34:55', 5749, -1841, -2590, 64, 135.00, -4, 3),
(2, '2025-11-08 14:34:56', 5784, -1869, -2563, 64, 137.81, -7, 7),
(2, '2025-11-08 14:34:57', 5819, -2073, -2529, 64, 230.62, -5, -7),
(2, '2025-11-08 14:34:58', 5854, -2135, -2571, 64, 45.00, 4, 5),
(2, '2025-11-08 14:34:59', 5889, -1903, -2317, 64, 32.34, 7, 5),
(2, '2025-11-08 14:35:00', 5924, -1832, -2055, 96, 165.94, -7, 9),
(2, '2025-11-08 14:35:01', 5959, -2136, -1982, 32, 291.09, -5, -4),
(2, '2025-11-08 14:35:02', 5994, -2190, -2046, 32, 334.69, 1, -6),
(2, '2025-11-08 14:35:03', 6029, -2094, -2147, 32, 7.03, -2, -1),
(2, '2025-11-08 14:35:04', 6064, -1922, -2095, 32, 92.81, -1, 1),
(2, '2025-11-08 14:35:05', 6099, -2142, -2107, 32, 106.88, -9, 2),
(2, '2025-11-08 14:35:06', 6134, -2195, -2074, 32, 29.53, 0, 3),
(2, '2025-11-08 14:35:07', 6169, -1971, -2002, 72, 347.34, 8, -1),
(2, '2025-11-08 14:35:08', 6204, -1783, -2111, 96, 260.16, -1, -7),
(2, '2025-11-08 14:35:09', 6239, -1895, -2379, 64, 172.97, -6, -4),
(2, '2025-11-08 14:35:10', 6274, -2126, -2287, 64, 135.00, -7, 6),
(2, '2025-11-08 14:35:11', 6309, -2353, -2066, 104, 133.59, -7, 6),
(2, '2025-11-08 14:35:12', 6344, -2440, -1975, 128, 92.81, -1, 1),
(2, '2025-11-08 14:35:13', 6379, -2418, -1768, 128, 64.69, 2, 7),
(2, '2025-11-08 14:35:14', 6414, -2308, -1609, 128, 104.06, 2, -4),
(2, '2025-11-08 14:35:15', 6449, -2337, -1521, 128, 153.28, -8, 7),
(2, '2025-11-08 14:35:16', 6484, -2460, -1432, 128, 284.06, -4, 6),
(2, '2025-11-08 14:35:17', 6519, -2583, -1391, 128, 213.75, -3, -1),
(2, '2025-11-08 14:35:18', 6554, -2482, -1327, 128, 191.25, 0, -1),
(2, '2025-11-08 14:35:19', 6589, -2624, -1448, 128, 274.22, -5, -9),
(2, '2025-11-08 14:35:20', 6624, -2607, -1586, 128, 262.97, 1, -4),
(2, '2025-11-08 14:35:21', 6659, -2727, -1779, 128, 216.56, -8, -7),
(2, '2025-11-08 14:35:22', 6694, -2967, -1759, 128, 227.81, -10, 0),
(2, '2025-11-08 14:35:23', 6729, -3004, -1967, 128, 296.72, 4, -6),
(2, '2025-11-08 14:35:24', 6764, -2776, -2150, 128, 64.69, 3, 4),
(2, '2025-11-08 14:35:25', 6799, -2714, -2009, 128, 47.81, 0, 0),
(2, '2025-11-08 14:35:26', 6834, -2652, -2016, 128, 5.62, 8, 0),
(2, '2025-11-08 14:35:27', 6869, -2434, -2020, 128, 299.53, 7, -7),
(2, '2025-11-08 14:35:28', 6904, -2114, -2332, 64, 323.44, 9, -10),
(2, '2025-11-08 14:35:29', 6939, -1817, -2275, 64, 97.03, 2, 10),
(2, '2025-11-08 14:35:30', 6974, -1867, -1939, 96, 106.88, -3, 8),
(2, '2025-11-08 14:35:31', 7009, -1865, -1637, 96, 91.41, 0, -5),
(2, '2025-11-08 14:35:32', 7044, -1885, -1579, 96, 73.12, 1, 9),
(2, '2025-11-08 14:35:33', 7079, -1859, -1435, 96, 73.12, 2, 8),
(2, '2025-11-08 14:35:34', 7114, -1807, -1164, 96, 98.44, -1, 4),
(2, '2025-11-08 14:35:35', 7149, -1814, -1052, 96, 50.62, -1, 2),
(2, '2025-11-08 14:35:36', 7184, -1775, -901, 96, 104.06, -4, 8),
(2, '2025-11-08 14:35:37', 7219, -1695, -731, 96, 358.59, 7, 0),
(2, '2025-11-08 14:35:38', 7254, -1445, -764, 88, 322.03, 6, -5),
(2, '2025-11-08 14:35:39', 7289, -1125, -853, 88, 16.88, 9, 1),
(2, '2025-11-08 14:35:40', 7324, -936, -761, -32, 163.12, -5, 2),
(2, '2025-11-08 14:35:41', 7359, -1267, -742, -32, 191.25, -14, -2),
(2, '2025-11-08 14:35:42', 7399, -1179, -767, -13, 1.41, 10, -1),
(2, '2025-11-08 14:35:43', 7434, -1081, -775, 4, 40.78, -1, -1),
(2, '2025-11-08 14:35:44', 7469, -1058, -736, 22, 344.53, 0, -1),
(2, '2025-11-08 14:35:45', 7504, -957, -765, 39, 2.81, 0, -1),
(2, '2025-11-08 14:35:46', 7539, -929, -766, 57, 2.81, 4, 0),
(2, '2025-11-08 14:35:47', 7574, -791, -758, 88, 329.06, 8, -2),
(2, '2025-11-08 14:35:48', 7609, -506, -880, 96, 313.59, -1, 0),
(2, '2025-11-08 14:35:49', 7644, -505, -880, 96, 347.34, 6, -1),
(2, '2025-11-08 14:35:50', 7679, -409, -849, 96, 102.66, -1, 5),
(2, '2025-11-08 14:35:51', 7714, -444, -750, 96, 125.16, -4, 4),
(2, '2025-11-08 14:35:52', 7749, -460, -442, 96, 33.75, 4, 8),
(2, '2025-11-08 14:35:53', 7784, -201, -417, 96, 286.88, 6, -6),
(2, '2025-11-08 14:35:54', 7819, -124, -686, 96, 265.78, 0, -10),
(2, '2025-11-08 14:35:55', 7854, -130, -787, 96, 230.62, -4, -4),
(2, '2025-11-08 14:35:56', 7889, -190, -815, 104, 120.94, -3, 2),
(2, '2025-11-08 14:35:57', 7924, -233, -722, 96, 102.66, 0, -5),
(2, '2025-11-08 14:35:58', 7959, -272, -859, 96, 97.03, -2, -1),
(2, '2025-11-08 14:35:59', 7994, -272, -850, 96, 94.22, -1, 3),
(2, '2025-11-08 14:36:00', 8029, -190, -698, 96, 61.88, 7, 7),
(2, '2025-11-08 14:36:01', 8064, -222, -393, 96, 212.34, -10, 0),
(2, '2025-11-08 14:36:02', 8099, -467, -494, 96, 257.34, -6, -9),
(2, '2025-11-08 14:36:03', 8134, -496, -644, 96, 205.31, -1, -4),
(2, '2025-11-08 14:36:04', 8169, -663, -696, 96, 191.25, -8, -2),
(2, '2025-11-08 14:36:05', 8204, -1025, -745, 88, 184.22, -16, -2),
(2, '2025-11-08 14:36:06', 8239, -1404, -770, 88, 182.81, -13, -1),
(2, '2025-11-08 14:36:07', 8274, -1813, -861, 96, 281.25, -4, -8),
(2, '2025-11-08 14:36:08', 8309, -1810, -1149, 96, 274.22, 1, -13),
(2, '2025-11-08 14:36:09', 8344, -1847, -1574, 96, 272.81, 1, 2),
(2, '2025-11-08 14:36:10', 8379, -1837, -1481, 96, 261.56, -1, -7),
(2, '2025-11-08 14:36:11', 8414, -1867, -1830, 96, 285.47, 2, -14),
(2, '2025-11-08 14:36:12', 8449, -1815, -2333, 64, 237.66, -2, -13),
(2, '2025-11-08 14:36:13', 8484, -1926, -2474, 64, 327.66, -1, 1),
(2, '2025-11-08 14:36:14', 8519, -1884, -2622, 64, 246.09, -2, -8),
(2, '2025-11-08 14:36:15', 8554, -1840, -2973, 64, 334.69, 6, -8),
(2, '2025-11-08 14:36:16', 8589, -1679, -3049, 64, 358.59, 9, -1),
(2, '2025-11-08 14:36:17', 8624, -1333, -3066, 64, 358.59, 13, -1),
(2, '2025-11-08 14:36:18', 8659, -1057, -2869, 64, 122.34, -3, 6),
(2, '2025-11-08 14:36:19', 8694, -1167, -2644, 64, 151.88, -2, 2),
(2, '2025-11-08 14:36:20', 8729, -1233, -2556, 64, 92.81, -3, 6),
(2, '2025-11-08 14:36:21', 8764, -1258, -2458, 64, 80.16, -1, -2),
(2, '2025-11-08 14:36:22', 8799, -1215, -2223, 64, 78.75, 1, 8),
(2, '2025-11-08 14:36:23', 8834, -1209, -2148, 64, 52.03, -2, -2),
(2, '2025-11-08 14:36:24', 8869, -1252, -2252, 64, 4.22, 7, -1),
(2, '2025-11-08 14:36:25', 8904, -964, -2223, 64, 11.25, 8, 1),
(2, '2025-11-08 14:36:26', 8939, -738, -2129, 64, 75.94, 1, 1),
(2, '2025-11-08 14:36:27', 8974, -720, -1898, 64, 85.78, -1, 0),
(2, '2025-11-08 14:36:28', 9009, -688, -1827, 64, 67.50, 2, 5),
(2, '2025-11-08 14:36:29', 9044, -649, -1740, 64, 70.31, 3, 6),
(2, '2025-11-08 14:36:30', 9079, -503, -1616, 48, 16.88, 8, 3),
(2, '2025-11-08 14:36:31', 9114, -273, -1517, 48, 49.22, 0, 3),
(2, '2025-11-08 14:36:32', 9149, -214, -1400, 48, 33.75, 3, 5),
(2, '2025-11-08 14:36:33', 9184, -149, -1297, 48, 231.41, 0, 0),
(2, '2025-11-08 14:36:43', 9448, 91, 516, 0, 250.31, -1, -2),
(2, '2025-11-08 14:36:44', 9483, 89, 384, 0, 345.94, 3, -1),
(2, '2025-11-08 14:36:45', 9518, 253, 406, 0, 251.72, 1, 3),
(2, '2025-11-08 14:36:46', 9553, 213, 321, 0, 270.00, -2, -7),
(2, '2025-11-08 14:36:47', 9588, 186, 124, 0, 278.44, -1, 2),
(2, '2025-11-08 14:36:48', 9623, 167, 211, 0, 302.34, -1, 0),
(2, '2025-11-08 14:36:49', 9658, 138, 265, 0, 312.19, -1, 0),
(2, '2025-11-08 14:36:50', 9693, 188, 197, 0, 268.59, 4, 0),
(2, '2025-11-08 14:36:51', 9728, 266, 171, 0, 262.97, 0, -1),
(2, '2025-11-08 14:36:52', 9763, 203, 2, 0, 299.53, 1, -7),
(2, '2025-11-08 14:36:53', 9798, 150, 6, 0, 272.81, -1, -1),
(2, '2025-11-08 14:36:54', 9833, 165, -227, 0, 277.03, 1, -11),
(2, '2025-11-08 14:36:55', 9868, 206, -496, 56, 334.69, 0, 0),
(2, '2025-11-08 14:36:56', 9903, 251, -496, 56, 352.97, 5, -1),
(2, '2025-11-08 14:36:57', 9938, 525, -469, 56, 8.44, 12, 1),
(2, '2025-11-08 14:36:58', 9973, 880, -424, 16, 5.62, 0, 1),
(2, '2025-11-08 14:36:59', 10008, 1053, -475, 0, 322.03, 6, -5),
(2, '2025-11-08 14:37:00', 10043, 1355, -652, 32, 293.91, 5, -8),
(2, '2025-11-08 14:37:01', 10078, 1400, -661, 32, 253.12, -2, -4),
(2, '2025-11-08 14:37:02', 10113, 1438, -752, 32, 129.38, 0, -1),
(2, '2025-11-08 14:37:03', 10148, 1455, -751, 32, 102.66, 0, -1),
(2, '2025-11-08 14:37:05', 10218, 1442, -626, 144, 95.62, -1, 5),
(2, '2025-11-08 14:37:06', 10253, 1432, -482, 144, 75.94, 1, 7),
(2, '2025-11-08 14:37:07', 10288, 1347, -337, 144, 171.56, -7, 0),
(2, '2025-11-08 14:37:08', 10323, 1263, -267, 144, 21.09, -1, 0),
(2, '2025-11-08 14:37:09', 10358, 1241, -196, 144, 354.38, 3, 0),
(2, '2025-11-08 14:37:10', 10398, 1383, -209, 144, 194.06, -4, -2),
(2, '2025-11-08 14:37:11', 10433, 1238, -319, 144, 291.09, 1, -8),
(2, '2025-11-08 14:37:12', 10468, 1238, -510, 16, 206.72, -5, -5),
(2, '2025-11-08 14:37:13', 10503, 983, -662, 0, 185.62, -9, -4),
(2, '2025-11-08 14:37:14', 10538, 706, -718, 0, 181.41, 5, 0),
(2, '2025-11-08 14:37:15', 10573, 671, -699, 0, 168.75, -9, 1),
(2, '2025-11-08 14:37:16', 10608, 437, -666, 0, 181.41, -9, 0),
(2, '2025-11-08 14:37:17', 10643, 133, -663, 0, 180.00, -9, -1),
(2, '2025-11-08 14:37:18', 10678, -103, -865, 0, 293.91, 1, -10),
(2, '2025-11-08 14:37:19', 10713, 15, -1072, 0, 277.03, 1, -1),
(2, '2025-11-08 14:37:20', 10748, 55, -1288, 0, 281.25, 1, -9),
(2, '2025-11-08 14:37:21', 10783, 158, -1583, 0, 271.41, 2, -11),
(2, '2025-11-08 14:37:22', 10818, 164, -1926, 8, 222.19, -4, -9),
(2, '2025-11-08 14:37:23', 10853, -32, -2041, 40, 161.72, -2, -1),
(2, '2025-11-08 14:37:24', 10888, 40, -2053, 32, 156.09, 2, -1),
(2, '2025-11-08 14:37:25', 10923, 8, -2049, 40, 177.19, -3, 0),
(2, '2025-11-08 14:37:26', 10958, -127, -2028, 48, 199.69, -2, -1),
(2, '2025-11-08 14:37:27', 10993, -198, -2043, 48, 192.66, -3, -1),
(2, '2025-11-08 14:37:28', 11028, -390, -2053, 64, 189.84, -13, -2),
(2, '2025-11-08 14:37:29', 11063, -675, -2117, 48, 198.28, 1, -1),
(2, '2025-11-08 14:37:30', 11098, -702, -2126, 48, 191.25, 3, 1),
(2, '2025-11-08 14:37:31', 11133, -944, -2142, 48, 194.06, -10, -3),
(2, '2025-11-08 14:37:32', 11168, -1091, -2194, 48, 247.50, -2, -1),
(2, '2025-11-08 14:37:33', 11203, -1109, -2138, 48, 264.38, -1, 6),
(2, '2025-11-08 14:37:34', 11245, -1111, -2131, 48, 267.19, -1, -3),
(2, '2025-11-08 14:37:35', 11280, -1118, -2136, 112, 271.41, -1, -2),
(2, '2025-11-08 14:37:36', 11316, -1136, -2129, 48, 292.50, -1, 0),
(2, '2025-11-08 14:37:37', 11358, -1136, -2131, 48, 275.62, 0, -1),
(2, '2025-11-08 14:37:38', 11393, -1123, -2131, 48, 270.00, 0, -1),
(2, '2025-11-08 14:37:39', 11428, -1119, -2224, 112, 251.72, -1, -7),
(2, '2025-11-08 14:37:40', 11463, -1262, -2471, 112, 241.88, -4, -8),
(2, '2025-11-08 14:37:41', 11498, -1373, -2549, 112, 205.31, -9, -3),
(2, '2025-11-08 14:37:42', 11533, -1393, -2513, 112, 257.34, -1, 0),
(2, '2025-11-08 14:37:51', 11769, -229, -487, 0, 94.22, -1, 13),
(2, '2025-11-08 14:37:52', 11804, -384, -126, 0, 132.19, -4, -1),
(2, '2025-11-08 14:37:53', 11839, -398, -194, 0, 29.53, 5, 2),
(2, '2025-11-08 14:37:54', 11874, -246, -87, 0, 25.31, 6, 5),
(2, '2025-11-08 14:37:55', 11909, -59, 12, 0, 357.19, 3, 0),
(2, '2025-11-08 14:37:56', 11944, -2, 13, 0, 358.59, 2, -1),
(2, '2025-11-08 14:37:57', 11979, -22, -21, 0, 5.62, -1, -2),
(2, '2025-11-08 14:37:58', 12014, 70, -8, 0, 25.31, 8, 3),
(2, '2025-11-08 14:37:59', 12049, 346, 110, 0, 8.44, 2, 1),
(2, '2025-11-08 14:38:00', 12084, 421, 129, 0, 8.44, -5, -2),
(2, '2025-11-08 14:38:01', 12119, 345, 115, 0, 12.66, -1, 3),
(2, '2025-11-08 14:38:02', 12154, 315, 141, 0, 11.25, 2, 5),
(2, '2025-11-08 14:38:03', 12189, 319, 180, 0, 338.91, -4, -5),
(2, '2025-11-08 14:38:04', 12224, 278, 88, 0, 25.31, 2, 4),
(2, '2025-11-08 14:38:05', 12259, 268, 81, 0, 23.91, -1, 2),
(2, '2025-11-08 14:38:06', 12294, 440, 127, 0, 1.41, 13, 0),
(2, '2025-11-08 14:38:07', 12329, 832, 179, 0, 33.75, 13, 2),
(2, '2025-11-08 14:38:08', 12364, 925, 396, 0, 106.88, -2, 10),
(2, '2025-11-08 14:38:09', 12399, 870, 318, 0, 271.41, 1, -8),
(2, '2025-11-08 14:38:10', 12434, 738, 144, 0, 172.97, -7, 0),
(2, '2025-11-08 14:38:11', 12469, 467, 161, 0, 180.00, -3, 0),
(2, '2025-11-08 14:38:12', 12504, 194, 174, 0, 118.12, -7, 2),
(2, '2025-11-08 14:38:13', 12539, 151, 401, 56, 28.12, 4, 7),
(2, '2025-11-08 14:38:14', 12574, 176, 565, 56, 326.25, 2, 0),
(2, '2025-11-08 14:38:15', 12609, 411, 526, 56, 19.69, 8, 1),
(2, '2025-11-08 14:38:16', 12644, 681, 586, 56, 25.31, 9, 3),
(2, '2025-11-08 14:38:17', 12679, 975, 722, 56, 30.94, 8, 4),
(2, '2025-11-08 14:38:18', 12714, 1070, 919, 56, 187.03, -1, 0),
(2, '2025-11-08 14:38:19', 12749, 1071, 919, 56, 205.31, -1, -1),
(2, '2025-11-08 14:38:20', 12784, 1024, 908, 56, 188.44, -7, -1),
(2, '2025-11-08 14:38:21', 12819, 708, 826, 56, 210.94, -10, -5),
(2, '2025-11-08 14:38:22', 12854, 753, 798, 56, 181.41, -3, -1),
(2, '2025-11-08 14:38:23', 12889, 728, 800, 56, 154.69, 1, 0),
(2, '2025-11-08 14:38:24', 12924, 746, 804, 56, 146.25, -1, 0),
(2, '2025-11-08 14:38:25', 12959, 709, 780, 56, 144.84, 0, -1),
(2, '2025-11-08 14:38:26', 12994, 707, 779, 56, 142.03, 0, -1),
(2, '2025-11-08 14:38:27', 13029, 742, 747, 56, 127.97, 0, -1),
(2, '2025-11-08 14:38:28', 13064, 813, 900, 56, 4.22, 5, 3),
(2, '2025-11-08 14:38:29', 13099, 1045, 881, 56, 286.88, 4, -4),
(2, '2025-11-08 14:38:30', 13134, 1118, 607, -9, 271.41, 0, -9),
(2, '2025-11-08 14:38:31', 13169, 1135, 288, -24, 271.41, 0, -1),
(2, '2025-11-08 14:38:32', 13210, 1147, 188, -16, 333.28, 4, -10),
(2, '2025-11-08 14:38:33', 13245, 1327, 102, -16, 284.06, 0, -5),
(2, '2025-11-08 14:38:34', 13280, 1283, 51, -16, 192.66, -8, 1),
(2, '2025-11-08 14:38:35', 13315, 993, -32, -24, 177.19, -9, -3),
(2, '2025-11-08 14:38:36', 13350, 671, -45, -24, 177.19, -9, 0),
(2, '2025-11-08 14:38:37', 13385, 464, -32, -24, 177.19, -1, 0),
(2, '2025-11-08 14:38:38', 13420, 228, 5, 0, 149.06, -6, -1),
(2, '2025-11-08 14:38:39', 13455, -24, 101, 0, 95.62, -5, 6),
(2, '2025-11-08 14:38:40', 13490, -61, 241, 0, 91.41, 0, -10),
(2, '2025-11-08 14:38:41', 13525, -166, -21, 0, 74.53, -2, 7),
(2, '2025-11-08 14:38:42', 13560, -56, 415, 0, 88.59, 3, 13),
(2, '2025-11-08 14:38:43', 13595, -15, 837, -8, 170.16, 3, 3),
(2, '2025-11-08 14:38:44', 13630, -60, 821, -10, 178.59, -12, -2),
(2, '2025-11-08 14:38:45', 13665, -398, 837, 0, 181.41, -11, 0),
(2, '2025-11-08 14:38:46', 13700, -331, 816, 0, 174.38, 19, -4),
(2, '2025-11-08 14:38:47', 13735, -137, 818, -24, 174.38, -11, 1),
(2, '2025-11-08 14:38:48', 13770, -575, 826, 0, 184.22, -13, -1),
(2, '2025-11-08 14:38:49', 13805, -466, 831, 0, 184.22, 0, 0),
(2, '2025-11-08 14:38:50', 13840, -745, 827, -5, 177.19, -10, 0),
(2, '2025-11-08 14:38:51', 13875, -802, 824, -104, 177.19, -9, 0),
(2, '2025-11-08 14:38:52', 13910, -1014, 715, -104, 277.03, -1, -8),
(2, '2025-11-08 14:38:53', 13945, -1018, 659, -112, 272.81, -1, 9),
(2, '2025-11-08 14:38:54', 13980, -1034, 732, -104, 272.81, -1, -3),
(2, '2025-11-08 14:38:55', 14015, -1037, 434, -152, 202.50, -1, -13),
(2, '2025-11-08 14:38:56', 14050, -1353, 407, -176, 172.97, -12, 0),
(2, '2025-11-08 14:38:57', 14085, -1540, 429, -184, 9.84, 8, 3),
(2, '2025-11-08 14:38:58', 14120, -1405, 479, -176, 295.31, -4, -6),
(2, '2025-11-08 14:38:59', 14155, -1615, 525, -184, 350.16, -2, -2),
(2, '2025-11-08 14:39:00', 14190, -1458, 400, -184, 12.66, -1, 0),
(2, '2025-11-08 14:39:01', 14225, -1503, 456, -184, 352.97, -1, 2),
(2, '2025-11-08 14:39:02', 14260, -1618, 421, -184, 9.84, 3, 0),
(2, '2025-11-08 14:39:03', 14295, -1629, 426, -184, 5.62, 1, 0),
(2, '2025-11-08 14:39:04', 14330, -1490, 445, -184, 355.78, -1, 0),
(2, '2025-11-08 14:39:05', 14365, -1291, 376, -176, 248.91, 3, -2),
(2, '2025-11-08 14:39:06', 14400, -1287, 231, -176, 85.78, -1, 4),
(2, '2025-11-08 14:39:07', 14435, -1482, 479, -184, 205.31, -11, 0),
(2, '2025-11-08 14:39:08', 14470, -1665, 529, -184, 81.56, -1, 7),
(2, '2025-11-08 14:39:09', 14505, -1662, 713, -184, 90.00, 0, 7),
(2, '2025-11-08 14:39:10', 14540, -1646, 1012, -184, 84.38, 0, 9),
(2, '2025-11-08 14:39:11', 14575, -1639, 1104, -184, 82.97, -1, -2),
(2, '2025-11-08 14:39:12', 14610, -1641, 1059, -184, 92.81, -1, 8),
(2, '2025-11-08 14:39:13', 14645, -1658, 1084, -184, 81.56, 0, 5),
(2, '2025-11-08 14:39:14', 14680, -1590, 1189, -184, 18.28, 4, 4),
(2, '2025-11-08 14:39:15', 14715, -1552, 1239, -184, 341.72, -4, 1),
(2, '2025-11-08 14:39:16', 14750, -1524, 1247, -184, 351.56, -1, 0),
(2, '2025-11-08 14:39:17', 14785, -1565, 1202, -184, 22.50, 0, 4),
(2, '2025-11-08 14:39:18', 14820, -1417, 1246, -176, 357.19, 5, -3),
(2, '2025-11-08 14:39:19', 14855, -1296, 1355, -176, 42.19, 4, 10),
(2, '2025-11-08 14:39:20', 14890, -1257, 1340, -176, 260.16, -1, -9),
(2, '2025-11-08 14:39:21', 14925, -1331, 1226, -176, 170.16, -9, 2),
(2, '2025-11-08 14:39:22', 14960, -1641, 1154, -184, 253.12, -7, -10),
(2, '2025-11-08 14:39:23', 14995, -1655, 857, -184, 357.19, 0, -5),
(2, '2025-11-08 14:39:24', 15030, -1659, 804, -184, 53.44, -3, 0),
(2, '2025-11-08 14:39:25', 15065, -1660, 909, -184, 45.00, 4, 5),
(2, '2025-11-08 14:39:26', 15100, -1712, 891, -184, 25.31, 1, -6),
(2, '2025-11-08 14:39:27', 15135, -1776, 671, -184, 23.91, -1, 8),
(2, '2025-11-08 14:39:28', 15170, -1789, 846, -184, 354.38, 7, -1),
(2, '2025-11-08 14:39:29', 15205, -1408, 815, -208, 25.31, 13, 1),
(2, '2025-11-08 14:39:30', 15240, -1105, 833, -192, 77.34, 0, -1),
(2, '2025-11-08 14:39:32', 15276, -1113, 857, -192, 153.28, -1, 1),
(2, '2025-11-08 14:39:33', 15318, -1114, 876, -192, 156.09, -4, 1),
(2, '2025-11-08 14:39:34', 15353, -1395, 993, -200, 243.28, -7, 2),
(2, '2025-11-08 14:39:35', 15388, -1451, 982, -176, 303.75, 1, -3),
(2, '2025-11-08 14:39:36', 15423, -1427, 945, -141, 265.78, 0, -3),
(2, '2025-11-08 14:39:37', 15458, -1647, 802, -184, 113.91, -8, 2),
(2, '2025-11-08 14:39:38', 15493, -1710, 1059, -184, 57.66, 3, 9),
(2, '2025-11-08 14:39:39', 15528, -1439, 1211, -184, 354.38, 10, -1),
(2, '2025-11-08 14:39:40', 15563, -1091, 1161, -152, 295.31, 7, -5),
(2, '2025-11-08 14:39:41', 15598, -979, 856, -104, 326.25, 4, -11),
(2, '2025-11-08 14:39:42', 15633, -837, 830, -104, 354.38, 5, 1),
(2, '2025-11-08 14:39:43', 15668, -781, 835, -104, 0.00, 0, -1),
(2, '2025-11-08 14:39:45', 15757, -735, 831, 0, 0.00, 6, 0),
(2, '2025-11-08 14:39:46', 15792, -670, 831, 0, 0.00, 2, 0),
(2, '2025-11-08 14:39:47', 15827, -431, 813, 0, 0.00, 8, -1),
(2, '2025-11-08 14:39:48', 15862, -130, 812, -24, 1.41, 9, 0),
(2, '2025-11-08 14:39:49', 15897, -13, 824, -8, 1.41, 0, 0),
(2, '2025-11-08 14:39:50', 15932, -18, 873, -8, 355.78, 0, -1),
(2, '2025-11-08 14:39:51', 15967, 27, 838, -8, 355.78, 4, -1),
(2, '2025-11-08 14:39:52', 16002, 210, 827, 16, 358.59, 7, -1),
(2, '2025-11-08 14:39:53', 16037, 526, 926, 56, 80.16, 4, 7),
(2, '2025-11-08 14:39:54', 16072, 457, 1102, 56, 30.94, -2, 2),
(2, '2025-11-08 14:39:55', 16107, 374, 1238, 56, 8.44, -1, -2),
(2, '2025-11-08 14:39:56', 16142, 408, 1015, 56, 61.88, 4, -11),
(2, '2025-11-08 14:39:57', 16177, 467, 975, 56, 80.16, 0, -1),
(2, '2025-11-08 14:39:58', 16212, 534, 963, 56, 97.03, 1, 0),
(2, '2025-11-08 14:39:59', 16247, 581, 1111, 56, 5.62, 4, 3),
(2, '2025-11-08 14:40:00', 16282, 683, 1156, 56, 355.78, 0, 0),
(2, '2025-11-08 14:40:01', 16317, 533, 1150, 56, 4.22, -3, -1),
(2, '2025-11-08 14:40:02', 16352, 374, 1238, 56, 340.31, 1, 1),
(2, '2025-11-08 14:40:03', 16387, 386, 1173, 56, 347.34, 5, -7),
(2, '2025-11-08 14:40:04', 16422, 652, 1075, 56, 75.94, 0, -4),
(2, '2025-11-08 14:40:05', 16457, 519, 1039, 56, 81.56, -8, 8),
(2, '2025-11-08 14:40:06', 16492, 407, 1191, 56, 354.38, 1, 5),
(2, '2025-11-08 14:40:07', 16527, 426, 1235, 56, 354.38, -1, -6),
(2, '2025-11-08 14:40:08', 16562, 719, 1074, 64, 19.69, 11, 0),
(2, '2025-11-08 14:40:09', 16597, 999, 1110, 88, 291.09, 2, 1),
(2, '2025-11-08 14:40:10', 16632, 1170, 1260, 88, 236.25, 6, 8),
(2, '2025-11-08 14:40:11', 16667, 1312, 1282, 88, 212.34, 2, 0),
(2, '2025-11-08 14:40:12', 16702, 1368, 1307, 88, 203.91, -8, -3),
(2, '2025-11-08 14:40:13', 16737, 1331, 1286, 88, 210.91, 0, 0),
(2, '2025-11-08 14:40:23', 16991, -1472, -3337, 64, 82.97, -1, 0),
(2, '2025-11-08 14:40:24', 17026, -1454, -3217, 64, 122.34, -4, -1),
(2, '2025-11-08 14:40:25', 17061, -1507, -3195, 64, 151.88, -6, 6),
(2, '2025-11-08 14:40:26', 17096, -1765, -3067, 64, 135.00, -9, 4),
(2, '2025-11-08 14:40:27', 17131, -1879, -3028, 64, 46.41, -1, -1),
(2, '2025-11-08 14:40:28', 17166, -1843, -2804, 64, 91.41, -1, 5),
(2, '2025-11-08 14:40:29', 17201, -1829, -2655, 64, 77.34, 0, 2),
(2, '2025-11-08 14:40:30', 17236, -1870, -2554, 64, 227.81, -5, -1),
(2, '2025-11-08 14:40:31', 17271, -1868, -2738, 64, 59.06, 4, 2),
(2, '2025-11-08 14:40:32', 17306, -1836, -2594, 64, 136.41, 2, -3),
(2, '2025-11-08 14:40:33', 17341, -1843, -2593, 64, 130.78, 1, -2),
(2, '2025-11-08 14:40:34', 17376, -2017, -2473, 64, 248.91, -4, 0),
(2, '2025-11-08 14:40:35', 17411, -2160, -2627, 64, 78.75, 0, 1),
(2, '2025-11-08 14:40:36', 17446, -2009, -2421, 64, 47.81, 6, 8),
(2, '2025-11-08 14:40:37', 17481, -1810, -2187, 80, 108.28, 0, 8),
(2, '2025-11-08 14:40:38', 17516, -2004, -1979, 61, 236.25, -10, 1),
(2, '2025-11-08 14:40:39', 17551, -2171, -2028, 32, 334.69, -1, -1),
(2, '2025-11-08 14:40:40', 17586, -2105, -2124, 32, 7.03, 4, -3),
(2, '2025-11-08 14:40:41', 17621, -1982, -2136, 32, 33.75, 10, 2),
(2, '2025-11-08 14:40:42', 17656, -1969, -2131, 32, 181.41, -10, -1),
(2, '2025-11-08 14:40:43', 17691, -2186, -2111, 32, 16.88, -1, 0),
(2, '2025-11-08 14:40:44', 17726, -2107, -2012, 32, 5.62, 7, 2),
(2, '2025-11-08 14:40:45', 17761, -1792, -2035, 96, 272.81, 6, -7),
(2, '2025-11-08 14:40:46', 17796, -1819, -2282, 64, 210.94, -4, -10),
(2, '2025-11-08 14:40:47', 17831, -2028, -2365, 64, 135.00, -7, 4),
(2, '2025-11-08 14:40:48', 17866, -2257, -2161, 96, 135.00, -7, 6),
(2, '2025-11-08 14:40:49', 17901, -2423, -2001, 128, 113.91, -1, -1),
(2, '2025-11-08 14:40:50', 17936, -2441, -1871, 128, 74.53, 0, 6),
(2, '2025-11-08 14:40:51', 17971, -2342, -1614, 128, 118.12, 2, 3),
(2, '2025-11-08 14:40:52', 18006, -2290, -1633, 128, 104.06, -2, 4),
(2, '2025-11-08 14:40:53', 18041, -2435, -1455, 128, 298.12, -2, 0),
(2, '2025-11-08 14:40:54', 18076, -2503, -1353, 128, 205.31, -4, -1),
(2, '2025-11-08 14:40:55', 18111, -2537, -1353, 128, 209.53, 3, 2),
(2, '2025-11-08 14:40:56', 18146, -2515, -1341, 128, 215.16, -8, -4),
(2, '2025-11-08 14:40:57', 18181, -2616, -1576, 128, 286.88, 0, 0),
(2, '2025-11-08 14:40:58', 18216, -2638, -1696, 128, 216.56, -6, -6),
(2, '2025-11-08 14:40:59', 18251, -2869, -1834, 128, 127.97, -4, 4),
(2, '2025-11-08 14:41:00', 18286, -3064, -1868, 128, 322.03, 2, -8),
(2, '2025-11-08 14:41:01', 18321, -2893, -2119, 128, 343.12, 8, -8),
(2, '2025-11-08 14:41:02', 18356, -2722, -2034, 128, 125.16, 1, 2),
(2, '2025-11-08 14:41:03', 18391, -2717, -2011, 128, 354.38, 2, -1),
(2, '2025-11-08 14:41:04', 18426, -2549, -1984, 128, 354.38, 7, 0),
(2, '2025-11-08 14:41:05', 18461, -2269, -2179, 96, 319.22, 9, -11),
(2, '2025-11-08 14:41:06', 18496, -1894, -2388, 64, 78.75, 8, 5),
(2, '2025-11-08 14:41:07', 18531, -1827, -2074, 96, 112.50, -3, 9),
(2, '2025-11-08 14:41:08', 18566, -1887, -1754, 96, 75.94, 1, 10),
(2, '2025-11-08 14:41:09', 18601, -1879, -1706, 96, 97.03, -2, 4),
(2, '2025-11-08 14:41:10', 18636, -1879, -1507, 96, 73.12, 0, 0),
(2, '2025-11-08 14:41:11', 18671, -1813, -1275, 96, 91.41, 1, 8),
(2, '2025-11-08 14:41:12', 18706, -1807, -1126, 96, 97.03, -1, 5),
(2, '2025-11-08 14:41:13', 18741, -1761, -969, 96, 122.34, 2, 1),
(2, '2025-11-08 14:41:14', 18776, -1778, -766, 96, 18.28, 3, 3),
(2, '2025-11-08 14:41:15', 18811, -1543, -730, 96, 330.47, 6, -1),
(2, '2025-11-08 14:41:16', 18846, -1275, -843, 88, 358.59, 9, -3),
(2, '2025-11-08 14:41:17', 18881, -948, -808, -32, 15.47, 4, 2),
(2, '2025-11-08 14:41:18', 18916, -1101, -736, -32, 178.59, -10, -1),
(2, '2025-11-08 14:41:19', 18956, -1294, -753, -21, 345.94, 1, -1),
(2, '2025-11-08 14:41:20', 18991, -1083, -772, -3, 11.25, 1, -1),
(2, '2025-11-08 14:41:21', 19026, -1044, -742, 14, 8.44, -1, 0),
(2, '2025-11-08 14:41:22', 19061, -973, -759, 32, 351.56, 2, -1),
(2, '2025-11-08 14:41:23', 19096, -953, -767, 49, 2.81, 0, -1),
(2, '2025-11-08 14:41:24', 19131, -898, -760, 88, 2.81, 4, 0),
(2, '2025-11-08 14:41:25', 19166, -634, -827, 96, 337.50, 8, -5),
(2, '2025-11-08 14:41:26', 19201, -535, -849, 96, 296.72, -2, 0),
(2, '2025-11-08 14:41:27', 19236, -412, -884, 96, 102.66, 1, -1),
(2, '2025-11-08 14:41:28', 19271, -422, -778, 96, 139.22, 1, -1),
(2, '2025-11-08 14:41:29', 19306, -486, -586, 96, 78.75, 0, 9),
(2, '2025-11-08 14:41:30', 19341, -322, -371, 96, 347.34, 7, -1),
(2, '2025-11-08 14:41:31', 19376, -139, -559, 96, 274.22, 1, -9),
(2, '2025-11-08 14:41:32', 19411, -104, -760, 96, 212.34, 1, -1),
(2, '2025-11-08 14:41:33', 19446, -153, -872, 104, 130.78, -1, 2),
(2, '2025-11-08 14:41:34', 19481, -227, -738, 96, 102.66, -2, 3),
(2, '2025-11-08 14:41:35', 19516, -228, -831, 96, 101.25, -5, -4),
(2, '2025-11-08 14:41:36', 19551, -272, -869, 96, 94.22, -1, -1),
(2, '2025-11-08 14:41:37', 19586, -277, -758, 96, 19.69, 2, 3),
(2, '2025-11-08 14:41:38', 19621, -117, -497, 96, 139.22, -3, 11),
(2, '2025-11-08 14:41:39', 19656, -384, -432, 96, 212.34, -4, -1),
(2, '2025-11-08 14:41:40', 19691, -496, -593, 96, 213.75, -1, -4),
(2, '2025-11-08 14:41:41', 19726, -574, -688, 96, 191.25, -5, -1),
(2, '2025-11-08 14:41:42', 19761, -828, -725, 88, 184.22, -11, -2),
(2, '2025-11-08 14:41:43', 19796, -1259, -762, 88, 182.81, -10, -1),
(2, '2025-11-08 14:41:44', 19831, -1685, -787, 96, 215.16, -14, -3),
(2, '2025-11-08 14:41:45', 19866, -1828, -1014, 96, 279.84, 0, -9),
(2, '2025-11-08 14:41:46', 19901, -1821, -1426, 96, 251.72, -4, -15),
(2, '2025-11-08 14:41:47', 19936, -1835, -1489, 96, 270.00, 0, 5),
(2, '2025-11-08 14:41:48', 19971, -1865, -1656, 96, 260.16, -2, -9),
(2, '2025-11-08 14:41:49', 20006, -1814, -2118, 96, 253.12, 0, -14),
(2, '2025-11-08 14:41:50', 20041, -1909, -2478, 64, 286.88, -4, -12),
(2, '2025-11-08 14:41:51', 20076, -1894, -2509, 64, 277.03, 3, -7),
(2, '2025-11-08 14:41:52', 20111, -1897, -2828, 64, 293.91, 1, -12),
(2, '2025-11-08 14:41:53', 20146, -1795, -3033, 64, 351.56, 4, -2),
(2, '2025-11-08 14:41:54', 20181, -1491, -3058, 64, 357.19, 8, -1),
(2, '2025-11-08 14:41:55', 20216, -1072, -2990, 64, 95.62, 7, 10),
(2, '2025-11-08 14:41:56', 20251, -1126, -2723, 64, 120.94, -4, 8),
(2, '2025-11-08 14:41:57', 20286, -1189, -2615, 64, 146.25, -2, 1),
(2, '2025-11-08 14:41:58', 20321, -1249, -2411, 64, 80.16, -1, 3),
(2, '2025-11-08 14:41:59', 20356, -1240, -2356, 64, 78.75, 1, 8),
(2, '2025-11-08 14:42:00', 20391, -1198, -2141, 64, 47.81, 0, 1),
(2, '2025-11-08 14:42:01', 20426, -1297, -2227, 64, 354.38, -3, -3),
(2, '2025-11-08 14:42:02', 20461, -1087, -2244, 64, 11.25, 8, 1),
(2, '2025-11-08 14:42:03', 20496, -797, -2176, 64, 64.69, 6, 4),
(2, '2025-11-08 14:42:04', 20531, -723, -2005, 64, 87.19, 0, 8),
(2, '2025-11-08 14:42:05', 20566, -722, -1895, 64, 71.72, 1, 2),
(2, '2025-11-08 14:42:06', 20601, -651, -1754, 64, 49.22, -3, -2),
(2, '2025-11-08 14:42:07', 20636, -598, -1673, 64, 30.94, 4, 4),
(2, '2025-11-08 14:42:08', 20671, -326, -1527, 48, 43.59, 8, 5),
(2, '2025-11-08 14:42:09', 20706, -271, -1484, 48, 59.06, 1, 6),
(2, '2025-11-08 14:42:10', 20741, -166, -1358, 48, 352.97, 3, 0),
(2, '2025-11-08 14:42:11', 20776, -144, -1297, 48, 225.38, 0, 0),
(2, '2025-11-08 14:42:20', 21040, 70, 390, 0, 337.50, 1, -8),
(2, '2025-11-08 14:42:21', 21075, 216, 384, 0, 303.75, 3, 0),
(2, '2025-11-08 14:42:22', 21110, 254, 412, 0, 239.06, -3, -5),
(2, '2025-11-08 14:42:23', 21145, 194, 164, 0, 261.56, -2, -9),
(2, '2025-11-08 14:42:24', 21180, 172, 190, 0, 284.06, -1, 1),
(2, '2025-11-08 14:42:25', 21215, 158, 227, 0, 313.59, -2, 2),
(2, '2025-11-08 14:42:26', 21250, 173, 203, 0, 268.59, 0, -2),
(2, '2025-11-08 14:42:27', 21285, 258, 181, 0, 253.12, 1, -1),
(2, '2025-11-08 14:42:28', 21320, 210, 87, 0, 274.22, -2, -6),
(2, '2025-11-08 14:42:29', 21355, 167, -4, 0, 289.69, -3, 1),
(2, '2025-11-08 14:42:30', 21390, 150, -85, 0, 277.03, 0, -8),
(2, '2025-11-08 14:42:31', 21425, 186, -407, 56, 278.44, 1, -10),
(2, '2025-11-08 14:42:32', 21460, 224, -496, 56, 340.31, 1, -1),
(2, '2025-11-08 14:42:33', 21495, 368, -490, 56, 8.44, 7, 0),
(2, '2025-11-08 14:42:34', 21530, 742, -442, 51, 5.62, 9, 1),
(2, '2025-11-08 14:42:35', 21565, 960, -417, 0, 317.81, 5, -3),
(2, '2025-11-08 14:42:36', 21600, 1231, -579, 16, 341.72, 10, -5),
(2, '2025-11-08 14:42:37', 21635, 1392, -665, 48, 210.94, 0, 1),
(2, '2025-11-08 14:42:38', 21670, 1432, -752, 32, 98.44, 0, 0),
(2, '2025-11-08 14:42:39', 21705, 1455, -739, 32, 127.97, 0, -1),
(2, '2025-11-08 14:42:41', 21775, 1452, -720, 144, 95.62, -1, 5),
(2, '2025-11-08 14:42:42', 21810, 1428, -524, 144, 74.53, -1, 5),
(2, '2025-11-08 14:42:43', 21845, 1416, -337, 144, 171.56, -3, 0),
(2, '2025-11-08 14:42:44', 21880, 1237, -322, 144, 75.94, 1, 2),
(2, '2025-11-08 14:42:45', 21915, 1245, -219, 144, 0.00, -2, 2),
(2, '2025-11-08 14:42:46', 21950, 1363, -194, 144, 151.88, 5, -2),
(2, '2025-11-08 14:42:48', 21990, 1259, -241, 144, 261.56, -5, -2),
(2, '2025-11-08 14:42:49', 22025, 1257, -438, 109, 206.72, -1, -5),
(2, '2025-11-08 14:42:50', 22060, 1110, -596, 7, 205.31, -8, -5),
(2, '2025-11-08 14:42:51', 22095, 797, -705, 0, 185.62, -11, -2),
(2, '2025-11-08 14:42:52', 22130, 770, -715, 0, 171.56, -4, 0),
(2, '2025-11-08 14:42:53', 22165, 549, -681, 0, 170.16, -6, 0),
(2, '2025-11-08 14:42:54', 22200, 259, -663, 0, 180.00, -9, -1),
(2, '2025-11-08 14:42:55', 22235, -63, -719, 0, 268.59, -8, -9),
(2, '2025-11-08 14:42:56', 22270, -20, -1044, 0, 319.22, 6, -8),
(2, '2025-11-08 14:42:57', 22305, 39, -1169, 0, 277.03, 1, -8),
(2, '2025-11-08 14:42:58', 22340, 106, -1456, 0, 296.72, 3, -8),
(2, '2025-11-08 14:42:59', 22375, 184, -1774, 0, 264.38, 0, -11),
(2, '2025-11-08 14:43:00', 22410, 37, -2029, 32, 164.53, -10, -2),
(2, '2025-11-08 14:43:01', 22445, -20, -2043, 40, 174.38, 3, -1),
(2, '2025-11-08 14:43:02', 22480, 20, -2050, 32, 185.62, -2, 0),
(2, '2025-11-08 14:43:03', 22515, -99, -2033, 48, 191.25, -4, 0),
(2, '2025-11-08 14:43:04', 22550, -156, -2033, 48, 194.06, -1, -1),
(2, '2025-11-08 14:43:05', 22585, -257, -2048, 48, 178.59, -7, 0),
(2, '2025-11-08 14:43:06', 22620, -644, -2092, 48, 198.28, -14, -4),
(2, '2025-11-08 14:43:07', 22655, -704, -2132, 48, 194.06, -6, -2),
(2, '2025-11-08 14:43:08', 22690, -782, -2114, 48, 194.06, -11, -2),
(2, '2025-11-08 14:43:09', 22725, -1052, -2177, 48, 240.47, -6, -3),
(2, '2025-11-08 14:43:10', 22760, -1099, -2184, 48, 278.44, -1, 1),
(2, '2025-11-08 14:43:11', 22801, -1111, -2129, 48, 264.38, -1, -1),
(2, '2025-11-08 14:43:12', 22837, -1114, -2171, 84, 274.22, -1, 4),
(2, '2025-11-08 14:43:13', 22872, -1122, -2170, 48, 303.75, -1, -1),
(2, '2025-11-08 14:43:14', 22910, -1136, -2129, 48, 281.25, -1, 0),
(2, '2025-11-08 14:43:15', 22950, -1128, -2130, 48, 272.81, 0, -1),
(2, '2025-11-08 14:43:16', 22985, -1122, -2152, 88, 274.22, 0, -1),
(2, '2025-11-08 14:43:17', 23020, -1190, -2351, 112, 243.28, -7, -9),
(2, '2025-11-08 14:43:18', 23055, -1280, -2524, 112, 182.81, -5, -2),
(2, '2025-11-08 14:43:19', 23090, -1386, -2538, 112, 332.34, -2, 3),
(2, '2025-11-08 14:43:28', 23326, -225, -623, 0, 90.00, -1, 2),
(2, '2025-11-08 14:43:29', 23361, -272, -229, 0, 150.47, -6, 9),
(2, '2025-11-08 14:43:30', 23396, -414, -189, 0, 37.97, -1, -2),
(2, '2025-11-08 14:43:31', 23431, -280, -130, 0, 30.94, 2, 1),
(2, '2025-11-08 14:43:32', 23466, -100, -1, 0, 354.38, 2, 1),
(2, '2025-11-08 14:43:33', 23501, -21, 14, 0, 358.59, 0, 0),
(2, '2025-11-08 14:43:34', 23536, -15, 12, 0, 1.41, -3, -2),
(2, '2025-11-08 14:43:35', 23571, -17, -33, 0, 7.03, 4, 0),
(2, '2025-11-08 14:43:36', 23606, 251, 69, 0, 22.50, 8, 3),
(2, '2025-11-08 14:43:37', 23641, 441, 133, 0, 8.44, 8, 1),
(2, '2025-11-08 14:43:38', 23676, 345, 109, 0, 12.66, -4, -1),
(2, '2025-11-08 14:43:39', 23711, 296, 109, 0, 358.59, -1, -5),
(2, '2025-11-08 14:43:40', 23746, 323, 185, 0, 330.47, 8, 0),
(2, '2025-11-08 14:43:41', 23781, 315, 77, 0, 32.34, -4, -5),
(2, '2025-11-08 14:43:42', 23816, 266, 95, 0, 5.62, 0, -4),
(2, '2025-11-08 14:43:43', 23851, 304, 111, 0, 7.03, 5, 1),
(2, '2025-11-08 14:43:44', 23886, 658, 165, 0, 1.41, 9, 0),
(2, '2025-11-08 14:43:45', 23921, 927, 284, 0, 90.00, -1, 4),
(2, '2025-11-08 14:43:46', 23956, 848, 410, 0, 268.59, -1, -4),
(2, '2025-11-08 14:43:47', 23991, 840, 175, 0, 184.22, -7, -5),
(2, '2025-11-08 14:43:48', 24026, 553, 158, 0, 180.00, -11, 0),
(2, '2025-11-08 14:43:49', 24061, 314, 162, 0, 178.59, -9, 0),
(2, '2025-11-08 14:43:50', 24096, 131, 262, 8, 82.97, -2, 9),
(2, '2025-11-08 14:43:51', 24131, 156, 509, 56, 341.72, 0, 7),
(2, '2025-11-08 14:43:52', 24166, 284, 531, 56, 352.97, 7, -2),
(2, '2025-11-08 14:43:53', 24201, 553, 545, 56, 19.69, 8, 2),
(2, '2025-11-08 14:43:54', 24236, 855, 663, 56, 26.72, 8, 3),
(2, '2025-11-08 14:43:55', 24271, 1084, 892, 56, 157.50, -3, 4),
(2, '2025-11-08 14:43:56', 24306, 1071, 919, 56, 212.34, 0, 0),
(2, '2025-11-08 14:43:57', 24341, 1073, 916, 56, 192.66, 0, -1),
(2, '2025-11-08 14:43:58', 24376, 849, 873, 56, 198.28, -10, -3),
(2, '2025-11-08 14:43:59', 24411, 703, 802, 56, 177.19, 6, -1),
(2, '2025-11-08 14:44:00', 24446, 710, 795, 56, 195.47, -1, 0),
(2, '2025-11-08 14:44:01', 24481, 752, 799, 56, 154.69, 0, -1),
(2, '2025-11-08 14:44:02', 24516, 712, 787, 56, 144.84, -1, -1),
(2, '2025-11-08 14:44:03', 24551, 708, 779, 56, 143.44, -1, 0),
(2, '2025-11-08 14:44:04', 24586, 716, 771, 56, 137.81, 2, -3),
(2, '2025-11-08 14:44:05', 24621, 760, 816, 56, 60.47, 1, 6),
(2, '2025-11-08 14:44:06', 24656, 943, 915, 56, 334.69, 7, -2),
(2, '2025-11-08 14:44:07', 24691, 1102, 732, 56, 271.41, 1, -9),
(2, '2025-11-08 14:44:08', 24726, 1131, 424, -24, 271.41, 0, -10),
(2, '2025-11-08 14:44:09', 24767, 1135, 288, -24, 271.41, 0, -2),
(2, '2025-11-08 14:44:10', 24802, 1303, 112, -16, 30.94, 9, 2),
(2, '2025-11-08 14:44:11', 24837, 1327, 32, -16, 116.72, 0, -2),
(2, '2025-11-08 14:44:12', 24872, 1113, 25, -16, 215.16, -9, -4),
(2, '2025-11-08 14:44:13', 24907, 810, -48, -24, 177.19, -10, 0),
(2, '2025-11-08 14:44:14', 24942, 492, -37, -24, 177.19, -9, 0),
(2, '2025-11-08 14:44:15', 24977, 364, -19, 0, 171.56, -10, 1),
(2, '2025-11-08 14:44:16', 25012, 84, 23, 0, 147.66, -8, 3),
(2, '2025-11-08 14:44:17', 25047, -61, 252, 0, 84.38, -1, 8),
(2, '2025-11-08 14:44:18', 25082, -76, -4, 0, 91.41, -7, -10),
(2, '2025-11-08 14:44:19', 25117, -121, 214, 0, 68.91, 4, 14),
(2, '2025-11-08 14:44:20', 25152, -24, 698, -24, 92.81, 0, 12),
(2, '2025-11-08 14:44:21', 25187, 47, 859, -8, 187.03, -2, -4),
(2, '2025-11-08 14:44:22', 25222, -256, 816, 0, 170.16, -12, 1),
(2, '2025-11-08 14:44:23', 25257, -398, 837, 0, 184.22, -12, -1),
(2, '2025-11-08 14:44:24', 25292, -77, 800, -24, 171.56, 4, 0),
(2, '2025-11-08 14:44:25', 25327, -385, 835, 0, 184.22, -11, -1),
(2, '2025-11-08 14:44:26', 25362, -530, 825, 0, 184.22, 7, 0),
(2, '2025-11-08 14:44:27', 25397, -601, 826, 0, 178.59, -11, -1),
(2, '2025-11-08 14:44:28', 25432, -816, 825, -104, 177.19, 7, -1),
(2, '2025-11-08 14:44:29', 25467, -984, 807, -104, 271.41, -5, -4),
(2, '2025-11-08 14:44:30', 25502, -1013, 592, -128, 272.81, -1, -1),
(2, '2025-11-08 14:44:31', 25537, -1024, 776, -104, 272.81, -1, 1),
(2, '2025-11-08 14:44:32', 25572, -1033, 617, -121, 267.19, 0, -11),
(2, '2025-11-08 14:44:33', 25607, -1188, 410, -168, 177.19, -12, -1),
(2, '2025-11-08 14:44:34', 25642, -1554, 408, -184, 35.16, -6, -2),
(2, '2025-11-08 14:44:35', 25677, -1359, 444, -176, 296.72, 1, 4),
(2, '2025-11-08 14:44:36', 25712, -1522, 437, -184, 351.56, -12, 6),
(2, '2025-11-08 14:44:37', 25747, -1493, 414, -184, 12.66, 6, -3),
(2, '2025-11-08 14:44:38', 25782, -1488, 400, -184, 4.22, -2, 1),
(2, '2025-11-08 14:44:39', 25817, -1555, 431, -184, 9.84, -10, -3),
(2, '2025-11-08 14:44:40', 25852, -1611, 428, -184, 8.44, -7, -2),
(2, '2025-11-08 14:44:41', 25887, -1507, 438, -184, 0.00, 7, 0),
(2, '2025-11-08 14:44:42', 25922, -1402, 431, -176, 320.62, 11, -4),
(2, '2025-11-08 14:44:43', 25957, -1250, 251, -176, 52.03, -4, -8),
(2, '2025-11-08 14:44:44', 25992, -1341, 420, -176, 171.56, -8, 8),
(2, '2025-11-08 14:44:45', 26027, -1636, 461, -184, 106.88, -4, 0),
(2, '2025-11-08 14:44:46', 26062, -1661, 646, -184, 81.56, -1, 0),
(2, '2025-11-08 14:44:47', 26097, -1658, 880, -184, 82.97, 0, 8),
(2, '2025-11-08 14:44:48', 26132, -1606, 1143, -184, 57.66, -3, 1),
(2, '2025-11-08 14:44:49', 26167, -1639, 1063, -184, 94.22, 0, -9),
(2, '2025-11-08 14:44:50', 26202, -1652, 1083, -184, 81.56, -2, -4),
(2, '2025-11-08 14:44:51', 26237, -1617, 1114, -184, 49.22, 0, 4),
(2, '2025-11-08 14:44:52', 26272, -1582, 1231, -184, 0.00, 1, 0),
(2, '2025-11-08 14:44:53', 26307, -1588, 1261, -184, 343.12, 3, -1),
(2, '2025-11-08 14:44:54', 26342, -1549, 1200, -184, 9.84, 0, -4),
(2, '2025-11-08 14:44:55', 26377, -1458, 1255, -184, 357.19, 2, 0),
(2, '2025-11-08 14:44:56', 26412, -1326, 1242, -176, 90.00, 1, 4),
(2, '2025-11-08 14:44:57', 26447, -1273, 1449, -176, 292.50, 2, -4),
(2, '2025-11-08 14:44:58', 26482, -1240, 1210, -176, 160.31, -2, -2),
(2, '2025-11-08 14:44:59', 26517, -1531, 1234, -184, 232.03, -9, -3),
(2, '2025-11-08 14:45:00', 26552, -1663, 935, -184, 354.38, 1, -6),
(2, '2025-11-08 14:45:01', 26587, -1655, 812, -184, 49.22, -1, -1),
(2, '2025-11-08 14:45:02', 26622, -1692, 854, -184, 53.44, -1, 1),
(2, '2025-11-08 14:45:03', 26657, -1673, 924, -184, 30.94, -6, -4),
(2, '2025-11-08 14:45:04', 26692, -1776, 653, -184, 23.91, -2, -10),
(2, '2025-11-08 14:45:05', 26727, -1788, 842, -184, 2.81, -6, 3),
(2, '2025-11-08 14:45:06', 26762, -1586, 826, -184, 354.38, 10, -2),
(2, '2025-11-08 14:45:07', 26797, -1185, 856, -192, 337.50, 10, 0),
(2, '2025-11-08 14:45:08', 26833, -1107, 833, -192, 150.47, -1, 0),
(2, '2025-11-08 14:45:09', 26868, -1111, 872, -192, 167.34, 0, 0),
(2, '2025-11-08 14:45:10', 26910, -1249, 935, -208, 154.69, -9, 3),
(2, '2025-11-08 14:45:11', 26945, -1451, 996, -191, 300.94, -1, -2),
(2, '2025-11-08 14:45:12', 26980, -1427, 943, -156, 295.31, -1, 0),
(2, '2025-11-08 14:45:13', 27015, -1521, 846, -208, 208.12, -8, -6),
(2, '2025-11-08 14:45:14', 27050, -1739, 916, -184, 67.50, 0, 10),
(2, '2025-11-08 14:45:15', 27085, -1583, 1193, -184, 354.38, 10, 2),
(2, '2025-11-08 14:45:16', 27120, -1231, 1198, -176, 347.34, 10, -2),
(2, '2025-11-08 14:45:17', 27155, -1017, 1029, -120, 274.22, 1, -11),
(2, '2025-11-08 14:45:18', 27190, -913, 783, -104, 37.97, 0, 2),
(2, '2025-11-08 14:45:19', 27225, -787, 848, -104, 354.38, 0, -1),
(2, '2025-11-08 14:45:20', 27260, -780, 831, -104, 0.00, 0, -1),
(2, '2025-11-08 14:45:23', 27349, -673, 831, 0, 0.00, 0, 0),
(2, '2025-11-08 14:45:24', 27384, -555, 831, 0, 0.00, 7, 0),
(2, '2025-11-08 14:45:25', 27419, -258, 810, 0, 1.41, 8, 0),
(2, '2025-11-08 14:45:26', 27454, -20, 813, -8, 1.41, 0, -1),
(2, '2025-11-08 14:45:27', 27489, -16, 854, -8, 4.22, -1, 2),
(2, '2025-11-08 14:45:28', 27524, -16, 846, -8, 358.59, 0, -1),
(2, '2025-11-08 14:45:29', 27559, 104, 832, 0, 357.19, 6, -1),
(2, '2025-11-08 14:45:30', 27594, 413, 834, 56, 52.03, 11, 3),
(2, '2025-11-08 14:45:31', 27629, 519, 1028, 56, 82.97, -9, 4),
(2, '2025-11-08 14:45:32', 27664, 392, 1152, 56, 8.44, -3, 8),
(2, '2025-11-08 14:45:33', 27699, 403, 1112, 56, 49.22, 1, -4),
(2, '2025-11-08 14:45:34', 27734, 436, 976, 56, 80.16, 0, -2),
(2, '2025-11-08 14:45:35', 27769, 474, 969, 56, 73.12, 2, -2),
(2, '2025-11-08 14:45:36', 27804, 547, 1012, 56, 75.94, 0, 8),
(2, '2025-11-08 14:45:37', 27839, 674, 1150, 56, 351.56, 0, 0),
(2, '2025-11-08 14:45:38', 27874, 588, 1155, 56, 5.62, -7, -1),
(2, '2025-11-08 14:45:39', 27909, 386, 1156, 56, 340.31, -6, 2),
(2, '2025-11-08 14:45:40', 27944, 385, 1249, 56, 341.72, 0, 0),
(2, '2025-11-08 14:45:41', 27979, 592, 1113, 56, 28.12, 10, 0),
(2, '2025-11-08 14:45:42', 28014, 645, 1001, 56, 92.81, -5, -2),
(2, '2025-11-08 14:45:43', 28049, 438, 1128, 56, 354.38, -5, 1),
(2, '2025-11-08 14:45:44', 28084, 428, 1239, 56, 354.38, 0, 0),
(2, '2025-11-08 14:45:45', 28119, 543, 1101, 56, 354.38, 11, -4),
(2, '2025-11-08 14:45:46', 28154, 896, 1112, 88, 348.75, 7, 1),
(2, '2025-11-08 14:45:47', 28189, 1071, 1195, 88, 271.41, 10, 4),
(2, '2025-11-08 14:45:48', 28224, 1276, 1307, 88, 236.25, 4, -3),
(2, '2025-11-08 14:45:49', 28259, 1400, 1313, 88, 203.91, 2, 1),
(2, '2025-11-08 14:45:50', 28294, 1322, 1284, 88, 211.50, 1, 0),
(2, '2025-11-08 14:45:59', 28548, -1472, -3343, 64, 88.59, 0, 0),
(2, '2025-11-08 14:46:00', 28583, -1432, -3265, 64, 113.91, 2, 9),
(2, '2025-11-08 14:46:01', 28618, -1457, -3268, 64, 118.12, -1, 0),
(2, '2025-11-08 14:46:02', 28653, -1651, -3115, 64, 157.50, -8, 2),
(2, '2025-11-08 14:46:03', 28688, -1857, -3012, 64, 64.69, -3, -2),
(2, '2025-11-08 14:46:04', 28723, -1847, -2925, 64, 82.97, 1, 7),
(2, '2025-11-08 14:46:05', 28758, -1843, -2732, 64, 77.34, 0, 7),
(2, '2025-11-08 14:46:06', 28793, -1828, -2640, 64, 92.81, -1, 7),
(2, '2025-11-08 14:46:07', 28828, -1928, -2688, 64, 296.72, -1, -9),
(2, '2025-11-08 14:46:08', 28863, -1870, -2573, 64, 130.78, -5, 8),
(2, '2025-11-08 14:46:09', 28898, -1857, -2575, 64, 135.00, -3, 2),
(2, '2025-11-08 14:46:10', 28933, -1909, -2526, 64, 164.53, -10, 6),
(2, '2025-11-08 14:46:11', 28968, -2097, -2562, 64, 198.28, -7, -7),
(2, '2025-11-08 14:46:12', 29003, -2111, -2543, 64, 46.41, 5, 6),
(2, '2025-11-08 14:46:13', 29038, -1867, -2290, 64, 49.22, 7, 5),
(2, '2025-11-08 14:46:14', 29073, -1869, -2017, 96, 181.41, -8, 5),
(2, '2025-11-08 14:46:15', 29108, -2153, -2002, 32, 320.62, -3, -4),
(2, '2025-11-08 14:46:16', 29143, -2180, -2071, 32, 334.69, 1, -4),
(2, '2025-11-08 14:46:17', 29178, -2099, -2150, 32, 4.22, 1, -1),
(2, '2025-11-08 14:46:18', 29213, -1922, -2094, 32, 98.44, 0, -4),
(2, '2025-11-08 14:46:19', 29248, -2176, -2110, 32, 57.66, -7, -5),
(2, '2025-11-08 14:46:20', 29283, -2190, -2061, 32, 26.72, 2, 2),
(2, '2025-11-08 14:46:21', 29318, -1925, -2006, 96, 357.19, 9, -1),
(2, '2025-11-08 14:46:22', 29353, -1789, -2146, 91, 257.34, -2, -8),
(2, '2025-11-08 14:46:23', 29388, -1926, -2391, 64, 157.50, -7, -1),
(2, '2025-11-08 14:46:24', 29423, -2159, -2256, 64, 135.00, -7, 6),
(2, '2025-11-08 14:46:25', 29458, -2383, -2035, 112, 125.16, -6, 6),
(2, '2025-11-08 14:46:26', 29493, -2444, -1963, 128, 84.38, -1, 4),
(2, '2025-11-08 14:46:27', 29528, -2404, -1732, 128, 56.25, 3, 7),
(2, '2025-11-08 14:46:28', 29563, -2298, -1626, 128, 102.66, 1, -3),
(2, '2025-11-08 14:46:29', 29598, -2374, -1487, 128, 226.41, -8, 4),
(2, '2025-11-08 14:46:30', 29633, -2474, -1396, 128, 254.53, -3, 7),
(2, '2025-11-08 14:46:31', 29668, -2587, -1391, 128, 213.75, 1, 1),
(2, '2025-11-08 14:46:32', 29703, -2482, -1327, 128, 191.25, 0, -1),
(2, '2025-11-08 14:46:33', 29738, -2640, -1489, 128, 305.16, -2, -9),
(2, '2025-11-08 14:46:34', 29773, -2603, -1607, 128, 255.94, 0, -6),
(2, '2025-11-08 14:46:35', 29808, -2770, -1813, 128, 199.69, -10, -7),
(2, '2025-11-08 14:46:36', 29843, -3013, -1768, 128, 253.12, -8, -4),
(2, '2025-11-08 14:46:37', 29878, -2984, -1997, 128, 293.91, 3, -7),
(2, '2025-11-08 14:46:38', 29913, -2759, -2123, 128, 73.12, 3, 6),
(2, '2025-11-08 14:46:39', 29948, -2715, -2008, 128, 30.94, -1, -1),
(2, '2025-11-08 14:46:40', 29983, -2640, -2010, 128, 5.62, 4, 2),
(2, '2025-11-08 14:46:41', 30018, -2397, -2052, 118, 299.53, 7, -7),
(2, '2025-11-08 14:46:42', 30053, -2062, -2375, 64, 357.19, 11, -8),
(2, '2025-11-08 14:46:43', 30088, -1809, -2224, 72, 104.06, 0, 10),
(2, '2025-11-08 14:46:44', 30123, -1881, -1894, 96, 94.22, -3, 9),
(2, '2025-11-08 14:46:45', 30158, -1863, -1669, 96, 92.81, 0, -10),
(2, '2025-11-08 14:46:46', 30193, -1878, -1533, 96, 73.12, 1, 8),
(2, '2025-11-08 14:46:47', 30228, -1846, -1392, 96, 73.12, 2, 7),
(2, '2025-11-08 14:46:48', 30263, -1807, -1149, 96, 98.44, 0, -1),
(2, '2025-11-08 14:46:49', 30298, -1809, -1035, 96, 49.22, 2, 4),
(2, '2025-11-08 14:46:50', 30333, -1788, -859, 96, 70.31, -2, 8),
(2, '2025-11-08 14:46:51', 30368, -1658, -728, 96, 358.59, 7, 0),
(2, '2025-11-08 14:46:52', 30403, -1409, -786, 88, 331.88, 7, -5),
(2, '2025-11-08 14:46:54', 30438, -1078, -847, 86, 15.47, 9, 1),
(2, '2025-11-08 14:46:55', 30508, -1296, -758, -31, 213.75, -1, -3),
(2, '2025-11-08 14:46:57', 30548, -1136, -769, -11, 4.22, 6, -1),
(2, '2025-11-08 14:46:58', 30583, -1080, -774, 7, 40.78, 1, 1),
(2, '2025-11-08 14:46:59', 30618, -1048, -738, 24, 344.53, 3, -1),
(2, '2025-11-08 14:47:00', 30653, -956, -766, 42, 2.81, 0, -1),
(2, '2025-11-08 14:47:01', 30688, -913, -764, 59, 2.81, 0, 0),
(2, '2025-11-08 14:47:02', 30723, -750, -768, 88, 323.44, 7, -3),
(2, '2025-11-08 14:47:03', 30758, -510, -871, 96, 288.28, -2, 4),
(2, '2025-11-08 14:47:04', 30793, -468, -879, 96, 36.56, 7, 0),
(2, '2025-11-08 14:47:05', 30828, -415, -818, 96, 104.06, -2, 5),
(2, '2025-11-08 14:47:06', 30863, -463, -725, 96, 104.06, -4, 6),
(2, '2025-11-08 14:47:07', 30898, -434, -403, 96, 2.81, 6, 6),
(2, '2025-11-08 14:47:08', 30933, -174, -447, 96, 272.81, 4, -7),
(2, '2025-11-08 14:47:09', 30968, -122, -724, 96, 241.88, 0, -6),
(2, '2025-11-08 14:47:10', 31003, -151, -811, 96, 257.34, -5, -8),
(2, '2025-11-08 14:47:11', 31038, -201, -800, 96, 106.88, -3, 3),
(2, '2025-11-08 14:47:12', 31073, -227, -750, 96, 101.25, 1, -7),
(2, '2025-11-08 14:47:13', 31108, -272, -863, 96, 94.22, -2, -1),
(2, '2025-11-08 14:47:14', 31143, -274, -827, 96, 94.22, -1, 5),
(2, '2025-11-08 14:47:15', 31178, -153, -659, 96, 78.75, 6, 8),
(2, '2025-11-08 14:47:16', 31213, -268, -396, 96, 212.34, -9, -2),
(2, '2025-11-08 14:47:17', 31248, -490, -538, 96, 258.75, -4, -9),
(2, '2025-11-08 14:47:18', 31283, -499, -661, 96, 194.06, -3, -4),
(2, '2025-11-08 14:47:19', 31318, -701, -703, 96, 191.25, -8, -2),
(2, '2025-11-08 14:47:20', 31353, -1097, -751, 88, 182.81, -13, -1),
(2, '2025-11-08 14:47:21', 31388, -1470, -773, 88, 182.81, -15, -1),
(2, '2025-11-08 14:47:22', 31423, -1825, -898, 96, 279.84, -2, -8),
(2, '2025-11-08 14:47:23', 31458, -1804, -1213, 96, 265.78, 0, -14),
(2, '2025-11-08 14:47:24', 31493, -1841, -1562, 96, 272.81, 0, 3),
(2, '2025-11-08 14:47:25', 31528, -1843, -1521, 96, 260.16, -2, -10),
(2, '2025-11-08 14:47:26', 31563, -1855, -1901, 96, 285.47, 2, -15),
(2, '2025-11-08 14:47:27', 31598, -1831, -2375, 64, 237.66, -4, -4),
(2, '2025-11-08 14:47:28', 31633, -1928, -2470, 64, 327.66, -1, 0),
(2, '2025-11-08 14:47:29', 31668, -1893, -2664, 64, 264.38, -2, -10),
(2, '2025-11-08 14:47:30', 31703, -1809, -3008, 64, 347.34, 1, -3),
(2, '2025-11-08 14:47:31', 31738, -1631, -3052, 64, 357.19, 9, -1),
(2, '2025-11-08 14:47:32', 31773, -1263, -3068, 64, 15.47, 14, 0),
(2, '2025-11-08 14:47:33', 31808, -1073, -2834, 64, 118.12, -4, 7),
(2, '2025-11-08 14:47:34', 31843, -1169, -2634, 64, 150.47, -1, 1),
(2, '2025-11-08 14:47:35', 31878, -1245, -2521, 64, 82.97, -2, 7),
(2, '2025-11-08 14:47:36', 31913, -1257, -2455, 64, 80.16, 0, 2),
(2, '2025-11-08 14:47:37', 31948, -1207, -2184, 64, 67.50, 1, 5),
(2, '2025-11-08 14:47:38', 31983, -1219, -2160, 64, 50.62, -4, -5),
(2, '2025-11-08 14:47:39', 32018, -1214, -2253, 64, 4.22, 8, -1),
(2, '2025-11-08 14:47:40', 32053, -921, -2214, 64, 11.25, 8, 1),
(2, '2025-11-08 14:47:41', 32088, -730, -2116, 64, 94.22, 1, 5),
(2, '2025-11-08 14:47:42', 32123, -722, -1898, 64, 82.97, -1, -2),
(2, '2025-11-08 14:47:43', 32158, -675, -1797, 64, 60.47, 3, 6),
(2, '2025-11-08 14:47:44', 32193, -636, -1718, 64, 57.66, 1, 3),
(2, '2025-11-08 14:47:45', 32228, -458, -1598, 48, 28.12, 9, 3),
(2, '2025-11-08 14:47:46', 32263, -273, -1513, 48, 59.06, 0, 2),
(2, '2025-11-08 14:47:52', 32298, -201, -1388, 48, 15.47, 3, 3);